2.659 0.426 2.028 1.127
1.618 0.382 1.122 0.904
1.635 0.409 1.099 0.877
1.628 0.380 1.129 0.913
2.177 0.557 1.457 1.196
1.685 0.377 1.197 0.899
1.684 0.397 1.172 0.898
1.697 0.411 1.158 0.880
1.583 0.378 1.091 0.888
1.693 0.396 1.157 0.889
1.863 0.443 1.163 0.886
1.625 0.408 1.099 0.874
1.752 0.428 1.109 0.866
1.774 0.510 1.114 0.864
1.691 0.420 1.138 0.890
2.408 0.574 1.618 0.886
1.772 0.398 1.161 0.892
1.690 0.441 1.131 0.910
1.706 0.396 1.169 0.867
1.807 0.398 1.145 0.878
1.752 0.403 1.143 0.872
1.702 0.427 1.030 0.871
1.860 0.435 1.153 0.881
1.641 0.402 1.058 0.881
1.836 0.415 1.209 0.935
1.803 0.399 1.140 0.866
1.882 0.407 1.192 0.903
1.738 0.394 1.080 0.908
1.645 0.406 1.038 0.881
1.752 0.396 1.151 0.881
1.661 0.399 1.145 0.887
1.887 0.554 1.159 0.886
1.589 0.390 1.088 0.868
1.659 0.391 1.150 0.926
1.806 0.399 1.146 0.868
1.688 0.424 1.143 0.918
1.746 0.415 1.128 0.866
1.774 0.396 1.170 0.899
2.561 0.414 2.025 1.746
1.770 0.394 1.177 0.900
1.803 0.525 1.161 0.899
2.346 0.394 1.737 1.425
1.882 0.585 1.157 0.876
1.819 0.444 1.172 0.887
1.666 0.397 1.150 0.921
1.623 0.399 1.107 0.873
1.667 0.416 1.048 0.898
1.660 0.432 1.051 0.880
1.585 0.378 1.092 0.874
1.522 0.408 0.984 0.879
1.475 0.381 0.981 0.875
1.484 0.381 0.990 0.885
1.536 0.381 1.039 0.935
1.476 0.382 0.978 0.874
1.478 0.382 0.978 0.870
1.586 0.380 1.091 0.871
1.592 0.380 1.100 0.881
1.801 0.408 1.080 0.880
1.474 0.378 0.984 0.877
1.461 0.381 0.968 0.863
1.525 0.381 1.024 0.918
1.495 0.388 0.987 0.879
1.464 0.387 0.966 0.862
1.469 0.382 0.970 0.865
1.490 0.381 0.993 0.891
1.506 0.380 1.009 0.903
1.484 0.381 0.990 0.884
1.470 0.377 0.979 0.877
1.485 0.388 0.980 0.877
1.490 0.381 0.994 0.887
1.468 0.380 0.970 0.864
1.494 0.414 0.963 0.866
1.491 0.381 0.994 0.893
1.487 0.381 0.990 0.887
1.485 0.381 0.985 0.878
1.479 0.382 0.979 0.874
1.474 0.383 0.980 0.871
1.579 0.379 1.082 0.857
1.473 0.387 0.973 0.867
1.514 0.406 0.992 0.891
1.462 0.382 0.965 0.862
1.799 0.439 1.068 0.876
1.625 0.402 1.028 0.881
1.497 0.384 0.996 0.894
1.494 0.384 0.979 0.877
1.617 0.394 1.107 0.887
1.494 0.386 0.992 0.868
1.691 0.489 1.017 0.869
1.639 0.414 1.107 0.885
1.489 0.386 0.985 0.881
1.490 0.385 0.991 0.886
1.518 0.383 1.011 0.905
1.556 0.448 0.988 0.884
1.470 0.374 0.981 0.878
1.480 0.378 0.985 0.883
1.603 0.390 1.096 0.891
1.613 0.386 1.107 0.886
1.480 0.386 0.980 0.876
1.612 0.438 1.044 0.870
1.500 0.383 0.998 0.894
1.485 0.400 0.973 0.872
1.468 0.377 0.975 0.868
1.460 0.381 0.962 0.857
1.584 0.403 1.056 0.895
1.641 0.423 1.035 0.887
1.485 0.391 0.978 0.869
1.470 0.387 0.966 0.862
1.483 0.383 0.984 0.879
1.629 0.413 1.103 0.889
1.523 0.394 0.977 0.869
1.536 0.414 0.991 0.881
1.529 0.405 0.987 0.872
1.549 0.393 1.032 0.912
1.485 0.385 0.985 0.882
1.643 0.386 0.966 0.867
1.841 0.449 1.092 0.893
1.572 0.394 1.034 0.895
1.931 0.447 1.170 0.888
1.628 0.443 1.068 0.895
1.665 0.465 1.082 0.893
1.481 0.399 0.969 0.863
1.601 0.389 1.096 0.878
1.598 0.388 1.090 0.867
1.648 0.406 1.041 0.893
1.942 0.479 1.092 0.875
1.662 0.444 1.104 0.909
1.555 0.385 1.050 0.946
1.479 0.382 0.982 0.881
1.637 0.405 1.035 0.874
1.790 0.404 1.074 0.878
1.485 0.379 0.991 0.874
1.569 0.451 0.998 0.884
1.524 0.412 0.980 0.869
1.468 0.377 0.976 0.868
1.654 0.415 1.038 0.877
1.507 0.400 0.982 0.876
1.612 0.396 1.101 0.877
1.536 0.434 0.984 0.882
1.482 0.380 0.987 0.878
1.493 0.395 0.980 0.874
1.497 0.390 0.994 0.889
1.549 0.396 1.012 0.897
1.791 0.408 1.078 0.884
1.703 0.500 1.089 0.892
1.672 0.443 1.083 0.884
1.476 0.376 0.986 0.878
1.762 0.411 1.083 0.908
1.512 0.413 0.982 0.875
1.585 0.393 0.987 0.885
1.530 0.412 1.004 0.891
1.614 0.393 1.098 0.892
1.632 0.388 1.128 0.908
1.632 0.386 1.130 0.923
1.607 0.395 1.089 0.870
1.614 0.393 1.103 0.885
1.651 0.459 1.076 0.871
1.613 0.383 1.113 0.901
1.603 0.380 1.109 0.892
1.681 0.479 1.084 0.878
1.618 0.408 1.093 0.873
1.973 0.387 1.463 1.228
1.627 0.398 1.105 0.869
1.678 0.443 1.113 0.901
1.628 0.388 1.120 0.897
1.618 0.389 1.112 0.893
1.602 0.388 1.096 0.879
1.607 0.383 1.109 0.886
1.615 0.382 1.116 0.897
2.145 0.383 1.643 1.426
1.481 0.392 0.970 0.874
1.493 0.399 0.970 0.871
1.498 0.407 0.973 0.868
1.536 0.381 1.035 0.929
1.483 0.388 0.978 0.873
1.468 0.377 0.976 0.870
1.506 0.389 0.994 0.880
1.484 0.377 0.986 0.881
1.793 0.407 1.203 0.944
1.612 0.431 1.016 0.871
1.580 0.434 1.009 0.894
1.476 0.396 0.966 0.874
1.499 0.405 0.978 0.879
1.522 0.393 0.988 0.890
1.484 0.382 0.987 0.879
1.473 0.381 0.976 0.872
1.473 0.390 0.969 0.864
1.477 0.378 0.985 0.879
1.483 0.382 0.983 0.879
1.520 0.397 1.012 0.913
1.491 0.380 0.997 0.893
1.508 0.397 0.995 0.886
1.492 0.385 0.993 0.885
1.478 0.383 0.983 0.878
1.478 0.382 0.983 0.878
1.482 0.385 0.982 0.876
1.492 0.387 0.986 0.883
1.599 0.385 1.099 0.879
1.601 0.385 1.099 0.878
1.492 0.382 0.973 0.868
1.482 0.379 0.987 0.885
1.492 0.394 0.982 0.879
