2.538 0.503 1.905 1.106
1.703 0.425 1.041 0.893
1.673 0.402 1.067 0.899
1.998 0.517 1.215 0.902
2.514 0.576 1.723 1.211
1.789 0.403 1.149 0.875
1.759 0.406 1.200 0.926
1.641 0.387 1.139 0.915
1.795 0.391 1.153 0.880
1.619 0.392 1.110 0.878
1.834 0.469 1.173 0.900
1.778 0.391 1.180 0.905
1.793 0.402 1.185 0.912
1.788 0.400 1.186 0.907
1.599 0.382 1.101 0.879
1.784 0.414 1.161 0.874
1.621 0.386 1.119 0.897
1.811 0.443 1.151 0.891
1.655 0.427 1.089 0.871
1.796 0.409 1.180 0.884
1.806 0.404 1.175 0.889
1.921 0.516 1.169 0.889
1.734 0.399 1.134 0.862
1.770 0.436 1.122 0.862
1.735 0.401 1.129 0.854
1.913 0.434 1.189 0.870
1.888 0.424 1.188 0.868
1.777 0.436 1.133 0.858
1.572 0.371 1.086 0.870
1.759 0.412 1.149 0.883
1.756 0.396 1.154 0.884
1.775 0.410 1.159 0.884
1.827 0.398 1.156 0.881
1.753 0.398 1.156 0.885
1.788 0.414 1.172 0.893
1.784 0.417 1.158 0.898
1.689 0.390 1.143 0.858
1.780 0.422 1.136 0.859
1.663 0.461 1.086 0.880
1.607 0.389 1.103 0.878
1.916 0.520 1.166 0.881
1.830 0.488 1.145 0.876
1.611 0.390 1.103 0.873
1.656 0.411 1.104 0.873
1.841 0.443 1.167 0.879
1.790 0.403 1.154 0.881
1.756 0.404 1.158 0.887
1.711 0.399 1.130 0.874
1.802 0.407 1.193 0.922
1.667 0.403 1.143 0.925
1.760 0.414 1.132 0.870
1.755 0.415 1.136 0.874
1.777 0.397 1.178 0.902
1.615 0.376 1.125 0.903
1.798 0.401 1.188 0.917
1.868 0.444 1.200 0.913
2.000 0.399 1.482 1.210
1.629 0.388 1.123 0.888
1.778 0.406 1.159 0.888
1.638 0.395 1.040 0.885
1.803 0.480 1.121 0.887
1.656 0.390 1.062 0.888
1.718 0.400 1.060 0.885
1.848 0.400 1.162 0.890
1.644 0.429 1.012 0.869
1.603 0.426 1.004 0.867
1.829 0.439 1.107 0.912
1.702 0.406 1.085 0.911
1.625 0.403 1.026 0.866
1.746 0.394 1.089 0.867
1.824 0.407 1.110 0.907
1.831 0.413 1.108 0.909
1.619 0.435 1.003 0.864
1.635 0.394 1.018 0.865
1.554 0.424 1.012 0.904
1.508 0.381 1.010 0.905
1.695 0.462 1.027 0.868
1.485 0.389 0.977 0.866
1.573 0.445 1.003 0.895
1.610 0.377 1.125 0.906
1.623 0.375 1.134 0.891
1.672 0.424 1.135 0.900
1.614 0.382 1.113 0.888
2.045 0.404 1.441 1.174
1.761 0.402 1.138 0.859
1.833 0.446 1.151 0.870
1.615 0.418 1.085 0.883
1.859 0.440 1.163 0.889
1.825 0.422 1.185 0.915
1.709 0.432 1.150 0.928
2.736 0.478 2.111 1.438
1.689 0.410 1.034 0.869
1.766 0.392 1.152 0.896
1.763 0.418 1.163 0.897
1.833 0.438 1.162 0.881
2.914 0.509 2.219 1.471
1.710 0.403 1.167 0.879
1.576 0.367 1.095 0.881
1.846 0.411 1.160 0.881
1.768 0.401 1.157 0.885
1.826 0.449 1.177 0.895
1.614 0.398 1.096 0.879
1.787 0.405 1.150 0.879
1.858 0.415 1.161 0.883
1.996 0.435 1.277 0.945
2.455 0.644 1.533 0.938
1.611 0.383 1.114 0.891
1.781 0.394 1.166 0.889
1.774 0.388 1.149 0.875
1.585 0.376 1.096 0.875
1.785 0.389 1.148 0.877
1.799 0.411 1.158 0.877
1.781 0.398 1.178 0.873
1.751 0.427 1.145 0.888
1.784 0.407 1.174 0.887
1.780 0.401 1.159 0.887
1.764 0.401 1.152 0.879
1.801 0.447 1.153 0.881
1.764 0.442 1.139 0.883
1.611 0.412 1.087 0.884
1.529 0.380 1.032 0.917
1.836 0.401 1.213 0.938
1.812 0.432 1.163 0.891
1.933 0.476 1.192 0.884
1.778 0.415 1.129 0.860
1.679 0.403 1.131 0.858
1.842 0.440 1.144 0.869
1.732 0.440 1.024 0.860
1.657 0.471 1.054 0.891
1.513 0.395 1.010 0.890
1.573 0.463 0.989 0.881
1.494 0.377 0.998 0.881
1.837 0.406 1.155 0.889
1.746 0.447 1.066 0.885
1.696 0.455 1.034 0.874
1.737 0.442 1.038 0.872
1.768 0.439 1.052 0.878
1.497 0.400 0.975 0.877
1.497 0.384 0.996 0.888
1.494 0.379 1.001 0.897
1.492 0.406 0.971 0.867
1.474 0.383 0.971 0.867
1.482 0.391 0.977 0.867
1.476 0.381 0.970 0.866
1.494 0.382 0.987 0.881
1.690 0.475 1.018 0.880
1.631 0.421 1.032 0.887
1.491 0.384 0.992 0.887
1.479 0.382 0.982 0.878
1.475 0.381 0.979 0.873
1.471 0.385 0.971 0.866
1.478 0.389 0.974 0.870
1.479 0.390 0.968 0.862
1.604 0.419 1.005 0.872
1.450 0.379 0.955 0.851
1.613 0.419 0.993 0.853
1.470 0.382 0.973 0.870
1.474 0.382 0.978 0.870
1.699 0.479 1.034 0.888
1.524 0.408 0.995 0.889
1.471 0.389 0.964 0.858
1.467 0.383 0.964 0.859
1.633 0.424 1.024 0.888
1.494 0.382 0.989 0.885
1.480 0.379 0.983 0.879
1.489 0.390 0.984 0.880
1.617 0.420 1.020 0.882
1.481 0.381 0.988 0.883
1.495 0.382 0.996 0.891
1.481 0.379 0.987 0.884
1.495 0.384 0.995 0.889
1.505 0.396 0.993 0.891
1.601 0.419 1.004 0.864
1.465 0.380 0.967 0.865
1.478 0.388 0.975 0.868
1.474 0.381 0.978 0.870
1.464 0.380 0.968 0.866
1.474 0.385 0.970 0.866
1.614 0.420 1.016 0.879
1.484 0.380 0.986 0.883
1.613 0.416 1.022 0.880
1.661 0.447 1.028 0.873
1.531 0.415 0.997 0.893
1.491 0.375 0.994 0.891
1.625 0.415 1.032 0.897
1.505 0.382 1.002 0.896
1.529 0.426 0.982 0.878
1.610 0.418 1.017 0.877
1.610 0.416 1.017 0.883
1.491 0.386 0.990 0.882
1.489 0.383 0.980 0.874
1.524 0.410 0.984 0.874
1.554 0.415 1.001 0.882
1.886 0.474 1.212 0.891
1.759 0.433 1.129 0.877
1.479 0.382 0.978 0.877
1.492 0.390 0.988 0.883
1.488 0.389 0.978 0.873
1.499 0.383 1.002 0.901
1.621 0.393 1.094 0.899
1.467 0.381 0.971 0.870
1.618 0.421 1.011 0.869
1.513 0.422 0.975 0.870
1.473 0.387 0.972 0.865
1.600 0.416 1.000 0.863
1.476 0.392 0.970 0.863
1.531 0.401 1.015 0.909
1.508 0.384 1.011 0.909
1.619 0.414 1.026 0.891
1.492 0.383 0.995 0.890
1.628 0.417 1.023 0.868
1.978 0.787 1.040 0.870
1.628 0.409 1.024 0.870
1.481 0.385 0.979 0.877
1.474 0.380 0.980 0.875
1.475 0.382 0.981 0.874
1.471 0.378 0.980 0.875
1.484 0.380 0.989 0.885
1.480 0.383 0.977 0.869
1.468 0.379 0.971 0.871
1.622 0.421 1.020 0.886
1.481 0.379 0.988 0.883
1.490 0.393 0.980 0.870
1.484 0.384 0.979 0.872
1.500 0.385 0.999 0.896
1.634 0.412 1.039 0.898
1.649 0.445 1.018 0.879
1.478 0.377 0.986 0.881
1.463 0.383 0.965 0.864
1.474 0.379 0.978 0.868
1.496 0.386 0.995 0.889
1.606 0.416 1.029 0.892
1.504 0.382 0.998 0.894
1.500 0.384 0.998 0.895
1.499 0.390 0.990 0.882
1.496 0.381 0.992 0.888
1.940 0.499 1.098 0.879
1.847 0.422 1.078 0.880
1.653 0.439 1.082 0.885
1.767 0.387 1.079 0.882
1.526 0.434 0.978 0.874
1.464 0.379 0.968 0.864
1.702 0.433 1.074 0.879
1.483 0.386 0.979 0.873
1.470 0.383 0.967 0.864
1.465 0.380 0.967 0.863
1.500 0.383 1.001 0.893
1.484 0.376 0.995 0.891
1.616 0.420 1.012 0.874
1.480 0.387 0.977 0.874
1.522 0.387 1.015 0.910
1.505 0.380 1.013 0.909
1.597 0.391 1.082 0.950
1.550 0.384 1.051 0.947
1.554 0.397 1.043 0.881
1.480 0.377 0.987 0.879
1.602 0.423 1.015 0.871
1.593 0.402 1.021 0.867
1.516 0.415 0.983 0.879
1.489 0.383 0.981 0.879
1.477 0.385 0.978 0.873
1.480 0.386 0.980 0.876
1.484 0.386 0.981 0.876
1.528 0.389 1.013 0.875
1.469 0.386 0.969 0.866
1.470 0.382 0.972 0.868
1.618 0.424 1.014 0.866
1.480 0.377 0.971 0.867
1.474 0.381 0.975 0.875
1.474 0.377 0.975 0.871
1.481 0.383 0.978 0.873
1.466 0.377 0.975 0.872
1.504 0.402 0.983 0.874
1.480 0.381 0.981 0.876
1.626 0.424 1.021 0.879
1.485 0.380 0.981 0.879
1.609 0.413 1.019 0.884
1.489 0.385 0.987 0.883
1.477 0.389 0.974 0.870
1.601 0.415 1.006 0.868
1.621 0.415 1.026 0.892
1.514 0.386 1.003 0.893
1.507 0.387 1.002 0.898
1.503 0.385 1.001 0.898
1.471 0.378 0.979 0.876
1.597 0.470 0.996 0.877
1.504 0.390 0.995 0.889
1.634 0.422 1.030 0.889
1.612 0.410 1.020 0.885
1.499 0.381 0.998 0.889
1.478 0.378 0.985 0.881
1.487 0.384 0.980 0.877
1.565 0.443 1.011 0.908
1.666 0.419 1.045 0.910
1.483 0.385 0.981 0.873
1.622 0.424 1.067 0.871
1.631 0.423 1.026 0.883
1.502 0.394 0.990 0.881
1.819 0.426 1.079 0.887
1.887 0.437 1.114 0.889
1.692 0.400 1.061 0.892
1.500 0.388 0.997 0.889
1.701 0.436 1.049 0.911
1.507 0.380 1.008 0.911
1.828 0.400 1.121 0.913
1.719 0.423 1.070 0.913
1.466 0.382 0.970 0.866
1.486 0.396 0.969 0.867
1.489 0.381 0.991 0.885
1.521 0.418 0.987 0.883
1.617 0.432 1.006 0.869
1.470 0.389 0.966 0.866
1.492 0.398 0.981 0.875
1.626 0.436 1.010 0.876
1.500 0.383 1.003 0.896
1.664 0.444 1.040 0.900
1.679 0.447 1.024 0.870
1.659 0.395 1.050 0.872
1.477 0.383 0.978 0.871
1.888 0.472 1.089 0.869
1.796 0.410 1.075 0.878
1.605 0.396 1.074 0.878
1.626 0.389 1.031 0.868
1.653 0.441 1.024 0.867
1.502 0.383 1.001 0.895
1.516 0.390 1.010 0.903
1.516 0.387 1.010 0.900
1.632 0.401 1.037 0.901
1.477 0.384 0.982 0.880
1.488 0.382 0.986 0.881
1.603 0.422 1.018 0.880
1.469 0.378 0.981 0.879
1.637 0.468 1.049 0.883
1.619 0.414 1.017 0.883
1.869 0.387 1.179 0.885
1.622 0.411 1.077 0.881
1.470 0.384 0.970 0.877
1.482 0.380 0.981 0.878
1.787 0.403 1.075 0.872
1.472 0.380 0.976 0.874
1.949 0.500 1.105 0.872
1.846 0.405 1.080 0.871
1.477 0.379 0.977 0.874
1.464 0.380 0.968 0.867
1.672 0.436 1.058 0.923
1.682 0.417 1.082 0.921
1.645 0.403 1.031 0.873
1.487 0.396 0.977 0.876
1.472 0.382 0.977 0.870
1.468 0.380 0.974 0.870
1.632 0.403 1.023 0.885
1.472 0.377 0.974 0.869
1.494 0.386 0.993 0.878
1.478 0.378 0.984 0.880
1.557 0.387 1.052 0.946
1.715 0.406 1.099 0.940
1.606 0.418 1.008 0.870
1.722 0.407 1.042 0.870
1.919 0.445 1.124 0.900
1.812 0.427 1.090 0.899
1.724 0.398 1.095 0.875
1.591 0.399 1.025 0.875
1.573 0.384 0.980 0.872
1.649 0.402 1.043 0.883
1.496 0.385 0.996 0.889
1.638 0.415 1.042 0.883
1.543 0.387 1.029 0.887
1.488 0.385 0.991 0.886
1.609 0.417 1.010 0.874
1.486 0.389 0.979 0.873
1.485 0.393 0.967 0.864
1.643 0.401 1.029 0.866
1.482 0.386 0.976 0.870
1.590 0.410 0.977 0.878
1.800 0.420 1.073 0.870
1.780 0.415 1.061 0.866
1.716 0.460 1.105 0.912
1.590 0.414 1.031 0.910
1.489 0.382 0.994 0.890
1.498 0.383 0.998 0.893
1.493 0.386 0.991 0.887
1.503 0.386 0.992 0.885
1.491 0.385 0.991 0.887
1.484 0.381 0.988 0.885
1.621 0.427 1.017 0.881
1.496 0.396 0.987 0.881
1.575 0.404 1.032 0.885
1.702 0.414 1.048 0.887
1.656 0.405 1.056 0.886
1.653 0.403 1.045 0.887
1.616 0.420 1.017 0.881
1.760 0.450 1.034 0.879
1.790 0.446 1.072 0.874
1.681 0.394 1.050 0.874
1.638 0.528 0.993 0.870
1.628 0.426 1.069 0.870
1.699 0.426 1.019 0.866
1.630 0.394 1.036 0.864
1.499 0.397 0.989 0.885
1.708 0.403 1.051 0.895
1.662 0.461 1.068 0.872
1.775 0.486 1.094 0.875
