2.427 0.431 1.859 1.104
1.830 0.436 1.178 0.905
1.596 0.384 1.093 0.879
1.684 0.428 1.139 0.932
1.580 0.379 1.075 0.876
2.397 0.382 1.871 1.528
1.786 0.422 1.174 0.906
1.607 0.390 1.103 0.877
1.804 0.400 1.165 0.891
2.287 0.420 1.715 1.439
1.818 0.396 1.157 0.885
1.795 0.402 1.121 0.857
1.575 0.376 1.078 0.849
1.588 0.384 1.086 0.865
1.744 0.414 1.131 0.873
1.789 0.399 1.157 0.883
1.613 0.380 1.119 0.894
1.831 0.402 1.169 0.893
1.582 0.381 1.081 0.866
1.865 0.436 1.160 0.883
1.827 0.403 1.152 0.877
1.802 0.397 1.180 0.874
1.655 0.415 1.110 0.880
1.640 0.392 1.121 0.889
2.091 0.433 1.512 1.237
2.116 0.409 1.449 1.174
1.663 0.417 1.131 0.903
1.969 0.378 1.448 1.227
1.567 0.409 1.022 0.881
1.629 0.380 1.117 0.887
1.629 0.381 1.120 0.891
1.859 0.441 1.165 0.889
1.714 0.476 1.112 0.879
1.927 0.404 1.187 0.914
1.759 0.434 1.139 0.866
1.702 0.444 1.136 0.916
1.671 0.428 1.130 0.875
2.065 0.400 1.511 1.228
1.819 0.403 1.169 0.876
1.849 0.410 1.180 0.900
1.854 0.437 1.197 0.909
1.595 0.379 1.089 0.886
1.601 0.382 1.083 0.883
1.813 0.399 1.173 0.893
1.655 0.379 1.155 0.926
2.020 0.466 1.285 0.874
1.530 0.379 1.028 0.897
1.915 0.442 1.203 0.889
1.815 0.399 1.156 0.880
1.923 0.441 1.200 0.883
1.616 0.379 1.124 0.898
1.829 0.400 1.152 0.880
1.672 0.374 1.186 0.943
1.617 0.379 1.121 0.889
1.587 0.378 1.095 0.862
2.084 0.400 1.437 1.159
1.696 0.396 1.148 0.874
1.621 0.401 1.105 0.883
1.984 0.397 1.438 1.163
1.692 0.474 1.105 0.868
1.870 0.398 1.198 0.924
1.599 0.374 1.108 0.884
1.809 0.397 1.147 0.862
1.608 0.396 1.095 0.869
1.938 0.469 1.245 0.896
1.921 0.486 1.202 0.886
1.616 0.387 1.107 0.888
2.068 0.409 1.429 1.157
1.818 0.402 1.160 0.883
1.631 0.378 1.139 0.908
1.848 0.412 1.164 0.869
1.578 0.384 1.077 0.872
1.839 0.400 1.161 0.881
1.909 0.605 1.170 0.893
1.794 0.395 1.156 0.882
1.834 0.424 1.145 0.874
1.732 0.435 1.145 0.868
1.918 0.465 1.176 0.856
1.827 0.408 1.153 0.876
1.917 0.429 1.203 0.892
1.867 0.442 1.156 0.866
1.969 0.402 1.444 1.172
1.838 0.411 1.162 0.881
1.821 0.398 1.163 0.885
1.619 0.382 1.116 0.887
1.612 0.380 1.117 0.891
1.640 0.427 1.104 0.871
1.696 0.467 1.101 0.875
1.671 0.452 1.092 0.868
1.618 0.377 1.113 0.883
1.631 0.409 1.107 0.883
1.674 0.412 1.143 0.897
1.606 0.376 1.114 0.886
1.589 0.379 1.081 0.881
1.587 0.371 1.105 0.887
1.599 0.388 1.098 0.878
1.483 0.382 0.983 0.879
1.603 0.387 1.099 0.873
1.599 0.383 1.101 0.879
1.634 0.381 1.130 0.904
1.907 0.408 1.296 1.155
1.723 0.495 1.102 0.873
1.491 0.376 0.975 0.870
1.770 0.417 1.171 0.916
1.511 0.397 0.995 0.890
1.609 0.383 1.099 0.875
1.478 0.379 0.983 0.876
1.610 0.384 1.105 0.882
1.471 0.372 0.979 0.875
1.616 0.393 1.099 0.874
1.471 0.378 0.977 0.884
1.602 0.383 1.101 0.875
1.633 0.380 1.137 0.907
1.615 0.389 1.110 0.886
1.649 0.438 1.094 0.874
1.676 0.408 1.147 0.899
1.496 0.386 0.996 0.892
1.619 0.392 1.111 0.888
1.793 0.394 1.262 1.163
1.627 0.404 1.107 0.883
1.715 0.381 1.213 0.866
1.624 0.390 1.115 0.880
1.664 0.460 1.087 0.866
1.622 0.380 1.122 0.899
1.618 0.387 1.107 0.885
1.637 0.385 1.137 0.914
1.687 0.381 1.186 0.952
1.642 0.422 1.103 0.885
1.483 0.383 0.977 0.869
1.606 0.389 1.099 0.884
1.604 0.381 1.100 0.877
1.606 0.382 1.108 0.885
1.608 0.402 1.090 0.870
1.595 0.383 1.094 0.870
1.749 0.422 1.140 0.887
1.607 0.392 1.098 0.877
1.735 0.384 1.227 0.878
1.614 0.390 1.109 0.885
1.613 0.400 1.096 0.873
1.600 0.382 1.101 0.876
1.628 0.381 1.131 0.897
1.899 0.378 1.398 1.180
1.487 0.386 0.989 0.882
2.084 0.517 1.220 0.893
1.795 0.418 1.178 0.893
1.611 0.388 1.105 0.881
1.788 0.537 1.123 0.914
1.691 0.453 1.115 0.880
1.494 0.380 0.992 0.885
1.690 0.439 1.106 0.889
1.624 0.385 1.123 0.901
1.641 0.393 1.131 0.905
1.671 0.405 1.149 0.924
1.620 0.413 1.091 0.869
1.627 0.400 1.109 0.886
1.611 0.382 1.093 0.872
1.755 0.420 1.151 0.882
1.633 0.389 1.128 0.904
1.628 0.407 1.102 0.878
1.621 0.390 1.114 0.891
1.483 0.392 0.969 0.877
1.595 0.384 1.095 0.871
1.631 0.408 1.034 0.897
1.640 0.388 1.128 0.903
1.494 0.384 0.992 0.885
1.618 0.386 1.110 0.883
1.478 0.375 0.984 0.883
1.796 0.518 1.139 0.899
1.523 0.422 0.986 0.877
2.018 0.408 1.412 1.155
1.488 0.385 0.979 0.872
1.669 0.442 1.102 0.877
1.543 0.398 1.027 0.921
1.611 0.389 1.105 0.876
1.614 0.390 1.108 0.873
1.606 0.386 1.103 0.877
1.601 0.382 1.100 0.876
1.812 0.421 1.207 0.954
1.600 0.381 1.104 0.876
1.693 0.439 1.131 0.905
1.641 0.413 1.105 0.879
1.631 0.416 1.103 0.889
1.478 0.380 0.987 0.883
1.626 0.386 1.097 0.885
1.640 0.417 1.103 0.880
1.608 0.380 1.101 0.874
1.596 0.383 1.095 0.872
1.618 0.392 1.106 0.883
1.679 0.417 1.147 0.920
1.632 0.389 1.123 0.900
1.488 0.383 0.990 0.885
1.766 0.436 1.146 0.889
1.539 0.382 1.013 0.882
1.617 0.381 1.115 0.887
1.611 0.390 1.099 0.891
1.613 0.391 1.107 0.881
1.672 0.449 1.102 0.879
1.760 0.446 1.130 0.873
1.567 0.385 0.985 0.866
1.617 0.392 1.108 0.883
1.504 0.394 0.984 0.873
