2.452 0.384 1.929 1.114
1.660 0.401 1.061 0.889
1.732 0.421 1.050 0.895
1.730 0.408 1.114 0.893
1.702 0.399 1.051 0.874
1.695 0.394 1.057 0.872
1.857 0.469 1.112 0.914
1.707 0.401 1.089 0.914
1.661 0.399 1.023 0.874
1.732 0.408 1.051 0.873
1.795 0.470 1.073 0.886
1.635 0.388 1.131 0.899
1.900 0.441 1.187 0.909
2.349 0.402 1.757 1.171
2.314 0.399 1.714 1.439
1.787 0.398 1.151 0.878
2.247 0.434 1.585 0.887
1.878 0.443 1.163 0.890
1.832 0.392 1.170 0.895
1.803 0.398 1.171 0.894
2.363 0.513 1.495 1.174
1.797 0.405 1.159 0.887
1.783 0.441 1.152 0.875
1.645 0.396 1.131 0.875
2.003 0.454 1.436 0.870
1.732 0.405 1.150 0.871
1.763 0.451 1.137 0.857
1.683 0.394 1.123 0.865
1.700 0.431 1.108 0.883
1.604 0.385 1.100 0.885
1.632 0.410 1.106 0.883
1.842 0.444 1.198 0.887
1.689 0.394 1.149 0.875
1.735 0.407 1.143 0.889
1.640 0.387 1.133 0.913
2.257 0.435 1.690 1.468
1.623 0.414 1.092 0.871
1.464 0.379 0.968 0.863
1.796 0.404 1.157 0.879
1.612 0.387 1.106 0.881
2.513 0.418 1.855 1.159
1.776 0.476 1.115 0.872
1.763 0.401 1.165 0.873
1.609 0.388 1.100 0.874
1.623 0.386 1.122 0.891
1.734 0.397 1.155 0.887
1.605 0.395 1.095 0.876
1.862 0.403 1.186 0.883
1.920 0.440 1.210 0.934
1.881 0.426 1.211 0.934
1.852 0.426 1.147 0.873
1.883 0.439 1.165 0.874
1.812 0.387 1.173 0.901
1.854 0.428 1.176 0.901
1.905 0.441 1.190 0.912
1.794 0.440 1.086 0.909
1.733 0.428 1.064 0.898
1.687 0.437 1.033 0.883
1.729 0.412 1.047 0.878
1.782 0.462 1.067 0.888
1.495 0.376 0.999 0.883
1.583 0.399 1.071 0.888
1.675 0.395 1.058 0.883
1.714 0.434 1.038 0.883
1.872 0.603 1.004 0.868
1.661 0.399 1.041 0.866
1.736 0.406 1.085 0.912
1.770 0.436 1.067 0.911
1.806 0.468 1.060 0.866
1.855 0.395 1.185 0.871
1.873 0.444 1.194 0.911
1.691 0.406 1.063 0.906
1.609 0.389 1.021 0.862
1.552 0.400 1.020 0.862
1.522 0.387 1.018 0.895
1.511 0.387 1.005 0.899
1.708 0.392 1.019 0.872
1.717 0.437 1.049 0.874
1.698 0.398 1.058 0.897
1.847 0.394 1.103 0.893
1.849 0.395 1.106 0.898
1.636 0.406 1.032 0.890
1.905 0.405 1.139 0.894
1.901 0.446 1.175 0.898
1.870 0.521 1.067 0.866
1.682 0.392 1.018 0.871
1.610 0.388 1.029 0.881
1.509 0.407 0.988 0.885
1.687 0.451 1.075 0.903
1.519 0.380 1.009 0.903
1.478 0.387 0.977 0.872
1.482 0.392 0.977 0.871
1.755 0.417 1.035 0.897
1.867 0.496 1.093 0.893
1.498 0.397 0.987 0.881
1.486 0.377 0.986 0.880
1.480 0.381 0.982 0.877
1.486 0.388 0.979 0.875
1.488 0.380 0.991 0.883
1.521 0.409 0.985 0.885
1.477 0.383 0.980 0.875
1.476 0.384 0.969 0.875
1.482 0.375 0.988 0.883
1.492 0.384 0.985 0.883
1.533 0.378 1.039 0.936
1.538 0.385 1.037 0.936
1.621 0.434 1.010 0.871
1.597 0.410 1.006 0.872
1.595 0.414 1.004 0.871
1.466 0.375 0.975 0.872
1.503 0.405 0.974 0.871
1.469 0.382 0.973 0.869
1.484 0.389 0.982 0.880
1.477 0.378 0.983 0.878
1.640 0.441 1.021 0.882
1.495 0.394 0.984 0.880
1.473 0.377 0.980 0.878
1.465 0.376 0.976 0.872
1.510 0.416 0.976 0.869
1.458 0.374 0.970 0.862
1.520 0.389 1.018 0.917
1.512 0.378 1.021 0.918
1.487 0.384 0.988 0.882
1.483 0.378 0.989 0.886
1.466 0.381 0.966 0.858
1.454 0.376 0.963 0.859
1.505 0.412 0.975 0.866
1.463 0.380 0.971 0.866
1.508 0.397 0.995 0.891
1.500 0.388 0.991 0.890
1.479 0.382 0.983 0.881
1.505 0.384 1.002 0.899
1.652 0.442 1.029 0.885
1.484 0.381 0.988 0.884
1.483 0.385 0.981 0.876
1.471 0.382 0.974 0.872
1.556 0.440 0.991 0.877
1.565 0.462 0.981 0.877
1.512 0.384 1.005 0.898
1.707 0.488 1.027 0.886
1.464 0.378 0.970 0.866
1.463 0.378 0.970 0.864
1.504 0.389 0.987 0.877
1.620 0.421 1.018 0.879
1.487 0.388 0.982 0.881
1.492 0.380 0.995 0.893
1.545 0.433 0.990 0.886
1.487 0.379 0.990 0.888
1.472 0.384 0.974 0.874
1.473 0.381 0.980 0.878
1.476 0.384 0.974 0.868
1.478 0.388 0.970 0.866
1.492 0.395 0.974 0.869
1.472 0.378 0.974 0.869
1.468 0.389 0.963 0.856
1.464 0.382 0.967 0.860
1.470 0.379 0.976 0.870
1.467 0.376 0.975 0.870
1.500 0.389 0.996 0.888
1.487 0.380 0.984 0.887
1.464 0.384 0.965 0.862
1.736 0.484 1.001 0.858
1.638 0.422 1.014 0.876
1.484 0.390 0.979 0.875
1.506 0.398 0.984 0.881
1.480 0.380 0.985 0.881
1.502 0.390 0.997 0.893
1.505 0.387 0.997 0.893
1.486 0.388 0.985 0.879
1.506 0.406 0.976 0.877
1.509 0.409 0.982 0.876
1.481 0.385 0.977 0.874
1.467 0.376 0.968 0.866
1.481 0.379 0.978 0.866
1.481 0.386 0.975 0.870
1.530 0.419 0.987 0.870
1.667 0.462 1.013 0.870
1.474 0.382 0.969 0.872
1.486 0.384 0.987 0.881
1.483 0.382 0.985 0.879
1.488 0.381 0.991 0.884
1.484 0.376 0.987 0.879
1.513 0.394 0.996 0.891
1.492 0.378 1.000 0.896
1.483 0.375 0.992 0.883
1.665 0.467 1.021 0.883
1.478 0.379 0.983 0.878
1.472 0.376 0.979 0.877
1.484 0.383 0.987 0.884
1.476 0.377 0.985 0.880
1.472 0.375 0.983 0.876
1.480 0.382 0.983 0.878
1.486 0.383 0.984 0.880
1.478 0.377 0.984 0.881
1.494 0.384 0.991 0.868
1.699 0.567 1.014 0.885
1.616 0.435 1.005 0.866
1.461 0.375 0.972 0.871
1.511 0.394 1.001 0.897
1.511 0.394 0.999 0.894
1.511 0.421 0.976 0.872
1.642 0.448 1.013 0.872
1.473 0.385 0.972 0.865
1.472 0.384 0.976 0.870
1.464 0.381 0.967 0.862
1.470 0.380 0.968 0.866
1.513 0.387 1.005 0.896
1.518 0.389 1.015 0.913
1.558 0.441 1.001 0.887
1.495 0.388 0.991 0.887
1.592 0.470 1.000 0.870
1.531 0.394 1.000 0.870
1.485 0.395 0.973 0.870
1.482 0.381 0.983 0.881
1.506 0.384 1.013 0.877
1.477 0.386 0.983 0.867
1.546 0.397 1.034 0.875
1.532 0.421 0.995 0.885
1.482 0.393 0.976 0.871
1.468 0.381 0.972 0.869
1.508 0.380 0.985 0.881
1.510 0.381 1.012 0.883
1.476 0.383 0.975 0.868
1.473 0.379 0.978 0.874
1.524 0.408 1.003 0.897
1.513 0.377 1.021 0.920
1.486 0.381 0.987 0.880
1.511 0.395 0.989 0.887
1.537 0.446 0.971 0.866
1.472 0.387 0.967 0.868
1.541 0.414 1.012 0.887
1.506 0.395 0.996 0.893
1.481 0.376 0.993 0.889
1.482 0.377 0.986 0.883
1.630 0.392 1.121 0.898
1.629 0.418 1.093 0.888
1.484 0.376 0.990 0.887
1.750 0.420 1.146 0.891
1.616 0.385 1.117 0.888
1.612 0.381 1.111 0.889
1.526 0.383 1.005 0.864
1.600 0.394 1.087 0.870
1.996 0.388 1.484 1.202
1.615 0.384 1.104 0.882
1.615 0.390 1.088 0.868
1.467 0.377 0.974 0.870
1.810 0.413 1.173 0.893
1.814 0.426 1.163 0.892
1.534 0.381 1.037 0.875
1.634 0.390 1.122 0.884
1.710 0.404 1.183 0.911
1.513 0.377 1.010 0.905
1.705 0.402 1.181 0.964
1.552 0.383 1.052 0.946
1.614 0.388 1.108 0.886
1.632 0.426 1.021 0.881
1.612 0.389 1.104 0.879
1.581 0.373 1.091 0.879
1.960 0.422 1.211 0.883
1.835 0.433 1.117 0.880
1.815 0.445 1.066 0.874
1.477 0.381 0.979 0.874
1.920 0.473 1.100 0.876
1.481 0.393 0.975 0.872
1.480 0.386 0.973 0.868
1.485 0.380 0.984 0.872
1.466 0.379 0.973 0.868
1.761 0.392 1.070 0.870
1.858 0.512 1.037 0.878
1.597 0.373 1.018 0.876
1.643 0.414 1.040 0.882
1.732 0.408 1.053 0.882
1.592 0.412 1.034 0.875
1.620 0.448 1.048 0.876
1.665 0.409 1.049 0.882
1.663 0.416 1.042 0.879
1.641 0.405 1.028 0.882
1.624 0.407 1.044 0.884
1.515 0.414 0.980 0.873
1.519 0.406 0.992 0.874
1.523 0.397 1.012 0.892
1.508 0.385 1.003 0.891
1.629 0.422 1.074 0.913
1.737 0.516 1.043 0.904
1.488 0.384 0.987 0.886
1.614 0.419 1.015 0.878
1.676 0.409 1.059 0.895
1.507 0.391 0.998 0.890
1.621 0.399 1.106 0.883
1.829 0.433 1.167 0.893
1.643 0.421 1.099 0.881
1.507 0.392 1.004 0.873
1.721 0.412 1.194 0.915
1.844 0.431 1.193 0.926
1.620 0.405 1.103 0.873
1.567 0.439 0.999 0.877
1.640 0.396 1.119 0.885
1.726 0.505 1.102 0.889
1.630 0.397 1.116 0.895
1.641 0.397 1.112 0.891
1.634 0.421 1.027 0.888
1.603 0.380 1.108 0.889
1.742 0.447 1.172 0.925
1.524 0.389 1.022 0.912
1.803 0.456 1.210 0.924
2.101 0.418 1.563 1.459
1.599 0.392 1.090 0.869
1.599 0.394 1.086 0.869
1.510 0.405 0.989 0.885
1.753 0.433 1.138 0.886
1.713 0.421 1.144 0.872
1.745 0.530 1.069 0.870
1.702 0.397 1.037 0.875
1.591 0.409 1.049 0.884
1.818 0.446 1.091 0.892
1.696 0.401 1.048 0.893
1.787 0.433 1.077 0.874
1.613 0.419 1.014 0.872
1.711 0.404 1.030 0.872
1.658 0.413 1.039 0.870
1.612 0.411 1.029 0.877
1.642 0.431 1.033 0.878
1.734 0.441 1.037 0.867
1.716 0.410 1.041 0.868
1.658 0.401 1.061 0.893
1.663 0.407 1.052 0.893
1.682 0.412 1.064 0.901
1.520 0.393 1.008 0.901
1.498 0.380 0.998 0.893
1.490 0.383 0.995 0.891
1.515 0.392 1.008 0.901
1.537 0.400 1.014 0.908
1.621 0.427 1.075 0.879
1.535 0.433 0.987 0.883
1.483 0.380 0.989 0.883
1.486 0.377 0.988 0.884
1.491 0.383 0.990 0.883
1.741 0.397 1.037 0.883
1.472 0.379 0.980 0.871
1.483 0.380 0.977 0.874
1.469 0.379 0.974 0.870
1.470 0.374 0.975 0.869
1.481 0.385 0.982 0.876
1.495 0.395 0.983 0.876
1.525 0.376 1.027 0.925
1.531 0.380 1.030 0.928
1.484 0.381 0.980 0.872
1.470 0.377 0.975 0.873
1.467 0.374 0.974 0.871
1.649 0.462 1.007 0.871
1.478 0.379 0.985 0.880
1.478 0.391 0.974 0.870
1.478 0.381 0.978 0.875
1.484 0.375 0.986 0.881
1.544 0.378 1.046 0.940
1.687 0.430 1.078 0.942
1.478 0.382 0.975 0.870
1.472 0.381 0.975 0.870
1.496 0.381 0.999 0.895
1.502 0.380 1.002 0.898
1.470 0.378 0.978 0.872
1.473 0.379 0.979 0.875
1.482 0.381 0.986 0.881
1.509 0.412 0.978 0.879
1.488 0.380 0.987 0.882
1.493 0.378 0.998 0.891
1.625 0.404 1.089 0.887
1.513 0.386 0.992 0.885
1.475 0.385 0.976 0.872
1.510 0.410 0.978 0.873
1.472 0.389 0.969 0.867
1.469 0.385 0.970 0.866
1.491 0.390 0.982 0.870
1.478 0.375 0.980 0.877
1.517 0.392 1.010 0.875
1.504 0.384 0.980 0.875
1.520 0.388 1.019 0.912
1.541 0.405 1.007 0.911
1.495 0.382 0.998 0.892
1.503 0.388 0.997 0.893
1.480 0.378 0.990 0.884
1.481 0.377 0.990 0.885
1.486 0.381 0.991 0.887
1.496 0.393 0.985 0.887
1.479 0.380 0.984 0.881
1.474 0.377 0.984 0.882
1.488 0.379 0.990 0.883
1.487 0.374 0.993 0.886
1.486 0.379 0.990 0.886
1.487 0.376 0.992 0.887
1.486 0.389 0.981 0.879
1.485 0.379 0.987 0.882
1.478 0.385 0.976 0.873
1.481 0.380 0.985 0.881
1.466 0.381 0.970 0.868
1.470 0.382 0.975 0.872
1.528 0.448 0.967 0.867
1.500 0.382 0.972 0.868
1.652 0.440 1.027 0.886
1.612 0.412 1.019 0.886
1.483 0.378 0.989 0.880
1.481 0.385 0.978 0.874
