2.391 0.392 1.863 1.100
1.846 0.436 1.139 0.897
1.722 0.440 1.046 0.873
1.750 0.412 1.073 0.912
1.744 0.481 1.122 0.879
2.786 0.722 1.934 1.609
1.503 0.383 1.003 0.894
1.615 0.386 1.104 0.879
1.723 0.436 1.156 0.890
1.882 0.453 1.154 0.882
1.770 0.445 1.143 0.889
1.730 0.402 1.123 0.863
2.497 0.395 1.933 1.439
1.645 0.438 1.089 0.866
1.683 0.400 1.148 0.875
1.797 0.401 1.174 0.883
1.644 0.418 1.110 0.890
1.867 0.407 1.182 0.901
1.750 0.400 1.143 0.868
1.866 0.476 1.191 0.875
1.611 0.392 1.101 0.870
1.913 0.443 1.201 0.878
1.617 0.397 1.103 0.884
1.853 0.515 1.165 0.886
2.297 0.413 1.703 1.535
1.794 0.425 1.152 0.875
1.644 0.401 1.126 0.902
2.000 0.470 1.250 0.913
1.799 0.560 1.116 0.885
1.631 0.384 1.117 0.887
1.838 0.422 1.210 0.889
1.865 0.441 1.171 0.888
1.777 0.402 1.150 0.876
1.800 0.410 1.192 0.914
1.745 0.398 1.136 0.869
1.675 0.414 1.144 0.916
1.945 0.476 1.182 0.865
1.865 0.472 1.180 0.907
1.762 0.398 1.152 0.876
1.984 0.480 1.217 0.897
1.838 0.401 1.179 0.903
1.634 0.400 1.120 0.891
1.668 0.454 1.097 0.875
1.677 0.410 1.137 0.903
1.527 0.390 1.020 0.915
1.760 0.410 1.143 0.861
1.692 0.388 1.129 0.899
1.903 0.504 1.208 0.886
1.715 0.402 1.162 0.881
1.834 0.399 1.162 0.885
1.638 0.388 1.126 0.899
1.860 0.442 1.178 0.887
1.865 0.414 1.218 0.943
2.015 0.502 1.223 0.890
1.619 0.475 0.964 0.873
1.611 0.392 1.103 0.879
1.964 0.482 1.189 0.874
1.658 0.418 1.121 0.890
1.773 0.453 1.138 0.879
1.790 0.410 1.145 0.884
2.107 0.451 1.520 1.248
