2.645 0.452 1.985 1.122
1.706 0.432 1.090 0.897
1.651 0.400 1.055 0.899
1.664 0.394 1.064 0.895
1.886 0.484 1.092 0.876
1.498 0.393 0.987 0.878
1.970 0.474 1.179 0.921
1.912 0.491 1.207 0.918
1.637 0.398 1.119 0.887
2.478 0.685 1.610 0.877
1.792 0.401 1.181 0.906
1.628 0.377 1.131 0.907
1.949 0.494 1.186 0.908
1.854 0.512 1.135 0.899
1.693 0.406 1.158 0.881
1.602 0.378 1.107 0.878
1.963 0.461 1.217 0.892
1.824 0.428 1.167 0.891
1.929 0.408 1.165 0.884
1.760 0.394 1.171 0.881
1.673 0.397 1.158 0.886
2.133 0.439 1.456 1.178
1.665 0.411 1.120 0.863
1.809 0.396 1.140 0.862
1.852 0.434 1.140 0.870
2.477 0.441 1.763 1.437
1.917 0.405 1.388 1.153
2.192 0.380 1.680 1.418
1.864 0.449 1.160 0.883
1.627 0.411 1.097 0.871
1.766 0.501 1.130 0.889
1.739 0.485 1.126 0.884
1.798 0.480 1.157 0.888
1.602 0.376 1.112 0.891
1.773 0.399 1.165 0.897
1.829 0.426 1.175 0.900
1.688 0.453 1.118 0.866
1.862 0.449 1.150 0.875
1.617 0.395 1.101 0.875
1.619 0.404 1.094 0.871
1.592 0.383 1.084 0.872
1.821 0.394 1.152 0.874
1.895 0.413 1.190 0.874
1.801 0.402 1.158 0.877
1.884 0.478 1.153 0.881
1.690 0.389 1.036 0.878
1.868 0.441 1.157 0.883
1.888 0.417 1.199 0.887
1.768 0.396 1.102 0.932
1.676 0.398 1.072 0.922
1.623 0.434 1.008 0.865
1.500 0.407 0.970 0.865
1.502 0.379 1.006 0.899
1.728 0.394 1.083 0.899
1.713 0.441 1.065 0.909
1.699 0.424 1.071 0.907
1.750 0.447 1.049 0.880
1.689 0.396 1.041 0.883
1.662 0.411 1.045 0.887
1.706 0.415 1.070 0.885
1.607 0.462 1.010 0.885
1.745 0.438 1.040 0.885
1.481 0.379 0.985 0.886
1.508 0.400 0.984 0.880
1.718 0.405 1.044 0.868
1.657 0.401 1.020 0.867
1.851 0.402 1.195 0.925
1.836 0.431 1.121 0.912
1.741 0.438 1.038 0.866
1.770 0.428 1.061 0.866
1.762 0.435 1.068 0.909
1.725 0.415 1.070 0.911
1.687 0.424 1.033 0.861
1.600 0.399 1.005 0.863
1.746 0.442 1.072 0.907
1.537 0.414 1.010 0.905
1.494 0.394 0.983 0.874
1.506 0.393 0.989 0.874
1.671 0.401 1.059 0.896
1.653 0.399 1.059 0.897
1.704 0.479 1.041 0.899
1.709 0.396 1.065 0.899
1.755 0.394 1.160 0.886
1.651 0.403 1.048 0.888
1.608 0.401 1.023 0.866
1.630 0.398 1.022 0.867
1.640 0.408 1.028 0.883
1.741 0.437 1.037 0.881
1.807 0.453 1.115 0.912
1.726 0.440 1.082 0.922
1.791 0.396 1.085 0.870
1.624 0.393 1.028 0.869
1.513 0.385 1.003 0.899
1.816 0.403 1.102 0.898
1.703 0.425 1.043 0.880
1.844 0.473 1.065 0.878
1.647 0.399 1.036 0.875
1.492 0.397 0.982 0.875
1.495 0.388 0.982 0.881
1.645 0.421 1.035 0.891
1.479 0.389 0.978 0.875
1.485 0.382 0.986 0.884
1.504 0.384 0.984 0.879
1.589 0.434 1.004 0.882
1.588 0.395 1.052 0.936
1.577 0.386 1.054 0.936
1.498 0.386 0.996 0.885
1.476 0.379 0.982 0.879
1.487 0.386 0.978 0.872
1.475 0.380 0.981 0.874
1.507 0.410 0.981 0.875
1.479 0.383 0.982 0.875
1.472 0.387 0.974 0.868
1.463 0.379 0.972 0.870
1.620 0.422 1.017 0.879
1.630 0.410 1.018 0.883
1.468 0.373 0.984 0.877
1.611 0.421 1.014 0.875
1.469 0.392 0.964 0.865
1.500 0.396 0.980 0.866
1.512 0.379 1.022 0.916
1.514 0.379 1.020 0.915
1.509 0.392 0.990 0.881
1.480 0.379 0.986 0.882
1.485 0.379 0.968 0.862
1.467 0.385 0.968 0.860
1.476 0.384 0.975 0.867
1.462 0.378 0.967 0.864
1.537 0.425 0.995 0.890
1.635 0.416 1.041 0.890
1.479 0.382 0.987 0.882
1.480 0.384 0.985 0.881
1.633 0.415 1.042 0.885
1.486 0.380 0.989 0.885
1.480 0.382 0.984 0.878
1.475 0.380 0.973 0.870
1.609 0.417 1.014 0.878
1.483 0.385 0.983 0.879
1.503 0.386 1.001 0.896
1.484 0.378 0.993 0.887
1.466 0.382 0.969 0.864
1.472 0.377 0.973 0.869
1.474 0.383 0.973 0.867
1.474 0.393 0.969 0.866
1.482 0.384 0.984 0.879
1.484 0.386 0.984 0.880
1.631 0.425 1.026 0.889
1.493 0.386 0.992 0.887
1.484 0.381 0.986 0.876
1.474 0.379 0.981 0.876
1.467 0.382 0.971 0.865
1.474 0.385 0.975 0.871
1.474 0.380 0.975 0.870
1.471 0.383 0.974 0.869
1.597 0.428 0.990 0.854
1.595 0.421 0.995 0.860
1.473 0.379 0.979 0.876
1.604 0.414 1.005 0.870
1.506 0.392 0.995 0.890
1.498 0.384 0.997 0.893
1.597 0.416 0.999 0.860
1.459 0.386 0.962 0.861
1.951 0.456 1.121 0.881
1.490 0.386 0.991 0.885
1.486 0.381 0.983 0.878
1.484 0.386 0.985 0.879
1.616 0.416 1.021 0.885
1.623 0.418 1.023 0.883
1.494 0.383 0.994 0.889
1.488 0.381 0.992 0.889
1.489 0.384 0.991 0.886
1.632 0.420 1.027 0.887
1.474 0.388 0.971 0.865
1.471 0.383 0.972 0.868
1.915 0.488 1.098 0.872
1.863 0.436 1.089 0.872
1.758 0.391 1.059 0.863
1.841 0.445 1.085 0.867
1.491 0.386 0.990 0.881
1.497 0.383 0.986 0.883
1.486 0.391 0.982 0.881
1.480 0.379 0.988 0.881
1.497 0.382 0.999 0.892
1.489 0.380 0.993 0.890
1.484 0.382 0.985 0.883
1.490 0.383 0.992 0.890
1.481 0.383 0.985 0.877
1.474 0.378 0.983 0.879
1.505 0.399 0.989 0.885
1.487 0.381 0.989 0.882
1.610 0.419 1.012 0.877
1.478 0.388 0.975 0.874
1.477 0.380 0.981 0.879
1.490 0.377 0.991 0.878
1.478 0.385 0.979 0.874
1.484 0.384 0.981 0.874
1.469 0.385 0.970 0.868
1.476 0.381 0.975 0.870
2.002 0.579 1.242 0.900
1.709 0.386 1.124 0.899
1.583 0.380 1.089 0.871
2.167 0.474 1.568 1.460
1.599 0.383 1.097 0.877
1.578 0.376 1.089 0.873
1.630 0.415 0.999 0.864
1.585 0.389 1.082 0.866
1.645 0.391 1.139 0.917
1.633 0.379 1.139 0.917
1.682 0.392 1.152 0.889
1.505 0.395 0.996 0.888
1.589 0.377 1.095 0.884
1.646 0.407 1.036 0.874
1.597 0.380 1.101 0.883
1.796 0.390 1.280 1.181
1.631 0.391 1.119 0.901
1.975 0.419 1.439 0.883
1.617 0.423 1.014 0.876
1.594 0.385 1.092 0.874
1.742 0.397 1.145 0.874
1.469 0.380 0.975 0.870
1.527 0.383 1.017 0.889
1.503 0.401 0.983 0.883
1.621 0.410 1.076 0.871
1.501 0.390 0.987 0.872
1.644 0.437 1.091 0.898
1.803 0.412 1.090 0.897
1.497 0.386 0.997 0.889
1.495 0.408 0.975 0.882
1.659 0.433 1.024 0.866
1.625 0.393 1.024 0.867
1.648 0.424 1.088 0.893
1.571 0.398 1.041 0.887
1.482 0.380 0.990 0.887
1.491 0.382 0.995 0.892
1.480 0.392 0.972 0.876
1.715 0.403 1.038 0.885
1.641 0.397 1.034 0.880
1.641 0.398 1.036 0.880
1.602 0.400 1.024 0.884
1.487 0.394 0.978 0.885
1.462 0.381 0.967 0.862
1.468 0.383 0.971 0.867
1.485 0.386 0.984 0.881
1.460 0.375 0.968 0.872
1.760 0.394 1.059 0.864
1.644 0.459 1.004 0.864
1.617 0.383 1.118 0.895
1.606 0.380 1.111 0.896
1.934 0.457 1.194 0.884
1.651 0.394 1.042 0.881
1.655 0.384 1.133 0.910
1.644 0.396 1.042 0.905
2.023 0.475 1.266 0.956
1.777 0.456 1.194 0.951
2.188 0.425 1.643 1.434
1.638 0.434 1.021 0.882
1.583 0.374 1.093 0.878
1.474 0.382 0.975 0.870
1.616 0.377 1.118 0.883
1.589 0.377 1.097 0.883
1.504 0.393 0.985 0.879
1.818 0.400 1.148 0.878
2.127 0.397 1.607 1.151
1.494 0.385 0.989 0.883
1.488 0.398 0.972 0.869
1.589 0.383 1.086 0.871
1.589 0.379 1.092 0.872
1.473 0.381 0.977 0.870
1.599 0.395 1.090 0.881
1.491 0.394 0.983 0.876
1.775 0.396 1.135 0.876
1.682 0.467 1.097 0.883
2.291 0.513 1.642 1.426
1.696 0.469 1.033 0.875
1.760 0.411 1.155 0.881
1.637 0.407 1.033 0.879
1.500 0.397 0.991 0.885
1.694 0.422 1.040 0.883
1.469 0.380 0.977 0.874
1.477 0.383 0.980 0.875
1.504 0.388 0.995 0.891
1.492 0.394 0.986 0.891
1.511 0.389 1.001 0.896
1.511 0.391 1.002 0.896
1.586 0.411 1.043 0.879
1.487 0.390 0.982 0.876
1.601 0.421 1.044 0.889
1.595 0.411 1.049 0.889
1.669 0.415 1.046 0.887
1.647 0.386 1.055 0.891
1.639 0.411 1.031 0.877
1.659 0.413 1.039 0.878
1.602 0.411 1.069 0.909
1.529 0.392 1.016 0.908
1.714 0.437 1.022 0.877
1.655 0.412 1.041 0.875
1.653 0.406 1.044 0.884
1.643 0.407 1.040 0.883
1.585 0.415 1.055 0.891
1.602 0.419 1.049 0.889
1.578 0.407 1.050 0.889
1.580 0.396 1.051 0.888
1.680 0.410 1.072 0.913
1.689 0.410 1.077 0.915
1.675 0.391 1.077 0.911
1.666 0.406 1.066 0.912
1.650 0.412 1.027 0.866
1.473 0.385 0.970 0.865
1.494 0.392 0.986 0.884
1.515 0.387 0.990 0.885
1.635 0.414 1.023 0.870
1.641 0.406 1.032 0.867
1.488 0.392 0.980 0.875
1.806 0.435 1.086 0.885
1.756 0.413 1.073 0.897
1.680 0.415 1.048 0.900
1.518 0.417 0.985 0.872
1.726 0.414 1.053 0.873
1.655 0.422 1.030 0.870
1.657 0.405 1.034 0.871
1.644 0.411 1.036 0.875
1.487 0.386 0.981 0.876
1.487 0.392 0.975 0.868
1.581 0.413 1.031 0.868
1.575 0.408 1.026 0.891
1.509 0.390 1.006 0.903
1.635 0.421 1.037 0.899
1.527 0.395 1.018 0.903
1.658 0.413 1.043 0.886
1.589 0.418 1.032 0.882
1.668 0.421 1.042 0.879
1.660 0.410 1.041 0.884
1.823 0.460 1.083 0.883
1.707 0.415 1.059 0.883
1.562 0.381 1.045 0.881
1.489 0.385 0.988 0.883
1.472 0.379 0.981 0.878
1.488 0.382 0.989 0.883
1.486 0.393 0.974 0.869
1.557 0.384 1.037 0.874
1.465 0.378 0.973 0.870
1.489 0.394 0.975 0.872
1.475 0.384 0.974 0.866
1.471 0.380 0.976 0.874
1.516 0.379 1.026 0.925
1.531 0.390 1.028 0.921
1.482 0.386 0.975 0.873
1.473 0.382 0.976 0.873
1.460 0.375 0.973 0.872
1.467 0.380 0.974 0.871
1.491 0.383 0.986 0.880
1.475 0.382 0.978 0.870
1.474 0.376 0.984 0.883
2.082 0.401 1.563 1.446
1.551 0.388 1.048 0.942
1.537 0.377 1.046 0.944
1.466 0.380 0.974 0.866
1.602 0.415 1.009 0.873
1.505 0.382 1.001 0.897
1.503 0.385 1.001 0.896
1.475 0.376 0.976 0.873
1.459 0.378 0.964 0.872
1.484 0.390 0.981 0.881
1.599 0.409 0.987 0.880
1.645 0.403 1.043 0.885
1.879 0.412 1.088 0.890
1.488 0.381 0.993 0.887
1.487 0.377 0.994 0.887
1.603 0.416 1.009 0.874
1.468 0.378 0.975 0.873
1.484 0.393 0.977 0.871
1.473 0.388 0.971 0.866
1.469 0.379 0.977 0.871
1.516 0.401 0.992 0.879
1.481 0.386 0.981 0.875
1.496 0.405 0.975 0.874
1.506 0.379 1.014 0.908
1.568 0.444 1.013 0.912
1.621 0.426 1.029 0.891
1.501 0.389 0.998 0.891
1.491 0.386 0.988 0.883
1.485 0.384 0.987 0.883
1.494 0.385 0.996 0.889
1.485 0.374 0.994 0.890
1.486 0.383 0.988 0.884
1.494 0.379 0.979 0.877
1.488 0.383 0.990 0.885
1.488 0.376 0.992 0.887
1.523 0.410 0.992 0.886
1.484 0.381 0.990 0.887
1.483 0.385 0.985 0.879
1.475 0.379 0.982 0.876
1.476 0.381 0.979 0.875
1.476 0.379 0.978 0.874
1.464 0.379 0.973 0.867
1.475 0.385 0.974 0.871
1.472 0.386 0.971 0.867
1.466 0.377 0.970 0.867
1.485 0.383 0.987 0.885
1.481 0.379 0.988 0.883
1.469 0.377 0.979 0.875
1.516 0.386 0.999 0.876
