2.398 0.386 1.881 1.106
1.773 0.397 1.178 0.905
1.738 0.431 1.161 0.883
1.903 0.441 1.253 0.932
1.874 0.437 1.167 0.891
1.625 0.368 1.136 0.901
1.816 0.391 1.184 0.909
1.814 0.394 1.153 0.877
1.858 0.413 1.164 0.887
1.801 0.402 1.172 0.886
1.838 0.391 1.163 0.888
1.746 0.394 1.135 0.863
1.817 0.400 1.145 0.870
1.812 0.397 1.145 0.867
1.909 0.486 1.155 0.879
1.852 0.423 1.177 0.883
1.600 0.397 1.085 0.881
1.937 0.539 1.184 0.901
1.715 0.470 1.089 0.866
1.837 0.529 1.132 0.879
1.903 0.582 1.181 0.873
1.589 0.385 1.094 0.872
1.609 0.397 1.091 0.881
1.852 0.433 1.158 0.888
1.695 0.396 1.181 0.928
1.596 0.377 1.101 0.874
1.845 0.432 1.173 0.902
1.829 0.393 1.187 0.911
1.939 0.457 1.200 0.883
1.729 0.397 1.167 0.885
1.918 0.437 1.208 0.891
1.836 0.397 1.171 0.889
1.764 0.419 1.143 0.870
1.791 0.424 1.238 0.915
1.581 0.375 1.090 0.872
1.864 0.413 1.183 0.911
1.669 0.440 1.106 0.876
1.636 0.370 1.139 0.915
1.913 0.433 1.179 0.875
1.874 0.419 1.175 0.902
1.607 0.393 1.097 0.889
1.608 0.380 1.110 0.887
1.604 0.402 1.076 0.861
2.449 0.516 1.743 1.478
1.516 0.373 1.023 0.921
1.823 0.429 1.138 0.871
1.683 0.410 1.125 0.905
1.595 0.377 1.106 0.882
1.647 0.433 1.099 0.881
1.868 0.440 1.163 0.885
1.706 0.411 1.174 0.898
1.829 0.445 1.159 0.874
1.865 0.410 1.213 0.938
2.262 0.535 1.538 0.887
1.869 0.433 1.170 0.874
1.665 0.453 1.088 0.872
1.586 0.384 1.085 0.876
1.730 0.423 1.155 0.889
3.080 0.563 2.224 1.520
1.602 0.382 1.100 0.874
2.880 0.429 2.119 1.825
1.605 0.380 1.107 0.877
1.767 0.422 1.138 0.861
2.467 0.644 1.617 0.860
1.654 0.394 1.052 0.889
1.803 0.409 1.159 0.883
1.605 0.383 1.108 0.888
1.625 0.403 1.111 0.879
1.830 0.399 1.156 0.882
1.938 0.434 1.223 0.898
1.827 0.440 1.157 0.869
1.745 0.400 1.146 0.862
1.786 0.411 1.171 0.885
1.851 0.406 1.185 0.891
1.963 0.512 1.165 0.878
2.171 0.451 1.461 1.159
1.819 0.436 1.167 0.876
1.577 0.380 1.078 0.858
1.586 0.375 1.093 0.874
1.852 0.409 1.190 0.890
1.804 0.391 1.136 0.865
1.817 0.394 1.175 0.901
1.995 0.560 1.184 0.883
1.734 0.420 1.174 0.888
2.335 0.470 1.704 1.202
1.926 0.476 1.163 0.890
1.597 0.381 1.097 0.870
1.622 0.414 1.091 0.873
2.156 0.533 1.477 1.182
1.668 0.434 1.098 0.887
1.628 0.380 1.113 0.886
2.388 0.406 1.759 1.478
1.789 0.404 1.182 0.887
1.762 0.451 1.125 0.869
1.699 0.455 1.120 0.884
2.190 0.384 1.682 1.452
1.622 0.385 1.115 0.884
1.607 0.403 1.089 0.879
1.539 0.416 1.004 0.872
1.952 0.388 1.433 1.210
1.591 0.378 1.095 0.874
1.592 0.376 1.093 0.869
1.471 0.385 0.970 0.864
1.638 0.385 1.135 0.912
2.293 0.444 1.704 1.194
1.633 0.400 1.112 0.885
1.603 0.378 1.111 0.883
1.774 0.452 1.138 0.881
2.081 0.384 1.565 1.452
2.220 0.391 1.685 1.443
1.611 0.380 1.108 0.884
1.576 0.371 1.087 0.870
1.497 0.380 1.002 0.896
1.627 0.394 1.108 0.887
1.461 0.378 0.970 0.866
1.620 0.386 1.118 0.895
1.508 0.385 0.994 0.891
1.607 0.380 1.107 0.885
1.601 0.373 1.113 0.897
1.723 0.413 1.175 0.890
1.465 0.383 0.969 0.864
1.598 0.376 1.106 0.890
1.470 0.385 0.969 0.864
1.614 0.380 1.119 0.896
1.582 0.371 1.093 0.875
1.723 0.447 1.154 0.913
1.546 0.377 1.047 0.942
1.605 0.383 1.107 0.884
1.474 0.385 0.973 0.867
1.607 0.383 1.103 0.884
1.479 0.380 0.976 0.872
1.602 0.391 1.098 0.877
1.577 0.374 1.089 0.871
1.581 0.383 1.085 0.862
2.189 0.391 1.642 1.466
2.089 0.405 1.555 0.877
1.596 0.381 1.100 0.878
1.612 0.381 1.100 0.882
1.475 0.378 0.974 0.870
1.597 0.380 1.100 0.879
1.701 0.453 1.113 0.894
1.627 0.379 1.133 0.905
1.586 0.379 1.090 0.879
2.032 0.499 1.410 1.192
1.607 0.385 1.108 0.887
1.618 0.386 1.107 0.884
1.841 0.377 1.319 1.213
1.616 0.386 1.111 0.874
1.637 0.393 1.107 0.882
1.635 0.404 1.118 0.894
1.488 0.378 0.992 0.890
1.655 0.387 1.153 0.930
2.406 0.521 1.762 1.515
2.244 0.436 1.689 1.468
1.480 0.376 0.990 0.881
1.579 0.371 1.089 0.873
1.481 0.384 0.979 0.876
1.611 0.383 1.111 0.891
1.476 0.375 0.978 0.874
1.597 0.384 1.096 0.873
1.472 0.376 0.977 0.877
1.613 0.382 1.112 0.868
1.820 0.384 1.302 1.198
1.632 0.385 1.129 0.903
1.678 0.469 1.095 0.885
2.263 0.438 1.707 1.484
1.496 0.383 0.991 0.885
1.851 0.455 1.143 0.887
1.499 0.388 0.991 0.885
1.613 0.392 1.104 0.882
1.476 0.378 0.980 0.871
2.013 0.429 1.448 1.228
1.653 0.385 1.150 0.929
1.587 0.374 1.089 0.877
1.468 0.378 0.976 0.870
1.606 0.391 1.101 0.877
2.216 0.462 1.618 1.505
1.673 0.388 1.165 0.945
1.620 0.387 1.100 0.872
2.248 0.498 1.624 1.524
1.606 0.389 1.101 0.877
2.049 0.454 1.452 0.879
1.742 0.481 1.051 0.890
2.351 0.528 1.700 1.483
1.485 0.393 0.980 0.873
2.369 0.501 1.750 1.468
1.607 0.459 0.998 0.874
1.766 0.445 1.134 0.872
1.540 0.388 1.026 0.914
1.635 0.385 1.132 0.909
1.621 0.405 1.097 0.889
1.516 0.397 0.994 0.887
1.627 0.380 1.127 0.899
2.318 0.486 1.707 1.492
1.521 0.408 0.995 0.887
2.097 0.534 1.437 0.882
1.475 0.382 0.978 0.874
1.621 0.386 1.107 0.877
2.204 0.466 1.584 1.481
1.613 0.385 1.114 0.891
1.594 0.385 1.089 0.870
