2.634 0.408 2.069 1.109
1.794 0.424 1.170 0.900
1.752 0.401 1.147 0.877
2.055 0.484 1.256 0.923
2.554 0.477 1.942 1.712
1.747 0.398 1.136 0.901
1.853 0.411 1.178 0.909
1.806 0.407 1.155 0.881
1.828 0.398 1.166 0.889
1.801 0.401 1.149 0.873
1.636 0.394 1.120 0.889
1.549 0.366 1.065 0.854
1.565 0.367 1.075 0.854
1.589 0.401 1.070 0.860
1.760 0.399 1.162 0.888
1.922 0.440 1.198 0.883
1.692 0.421 1.144 0.886
1.885 0.438 1.198 0.894
1.571 0.377 1.071 0.866
2.071 0.414 1.451 1.163
1.670 0.444 1.105 0.877
1.620 0.401 1.100 0.874
1.615 0.399 1.101 0.879
1.775 0.432 1.148 0.890
1.704 0.418 1.161 0.930
1.904 0.444 1.154 0.873
2.417 0.465 1.737 1.483
1.813 0.385 1.186 0.910
2.429 0.450 1.725 1.451
1.723 0.380 1.128 0.899
1.983 0.469 1.209 0.899
1.693 0.442 1.119 0.887
1.774 0.502 1.098 0.869
2.947 0.596 2.165 1.485
1.836 0.564 1.121 0.871
1.783 0.491 1.155 0.913
1.968 0.511 1.165 0.878
1.657 0.401 1.139 0.910
1.809 0.402 1.141 0.871
1.824 0.408 1.180 0.899
1.766 0.428 1.158 0.903
1.821 0.393 1.158 0.890
2.171 0.401 1.540 1.206
1.827 0.402 1.161 0.887
1.809 0.407 1.194 0.920
1.898 0.436 1.181 0.873
1.836 0.394 1.180 0.901
1.488 0.386 0.984 0.880
1.705 0.398 1.052 0.877
1.627 0.391 1.033 0.879
2.237 0.421 1.554 0.879
1.681 0.402 1.036 0.883
1.950 0.408 1.180 0.934
1.876 0.409 1.131 0.885
1.704 0.414 1.085 0.870
1.863 0.474 1.086 0.873
1.698 0.436 1.029 0.872
1.735 0.430 1.038 0.882
1.614 0.453 1.038 0.879
1.876 0.554 1.142 0.883
2.191 0.507 1.477 0.937
2.987 0.483 2.294 1.499
1.764 0.402 1.143 0.863
2.400 0.397 1.720 1.459
1.824 0.394 1.166 0.892
1.826 0.401 1.167 0.887
1.730 0.393 1.159 0.887
1.848 0.438 1.161 0.877
1.744 0.392 1.152 0.881
2.515 0.412 1.741 1.452
2.429 0.458 1.701 1.438
2.434 0.465 1.702 1.445
1.833 0.392 1.201 0.884
1.792 0.385 1.164 0.891
1.931 0.450 1.198 0.881
1.704 0.441 1.139 0.869
1.663 0.441 1.099 0.877
1.575 0.370 1.081 0.858
1.788 0.402 1.147 0.870
1.919 0.425 1.209 0.890
1.599 0.467 0.973 0.860
1.810 0.427 1.179 0.899
1.926 0.446 1.195 0.882
2.468 0.436 1.749 1.433
2.131 0.452 1.467 1.180
1.731 0.399 1.139 0.875
2.299 0.393 1.663 1.411
1.721 0.406 1.150 0.874
1.600 0.383 1.098 0.877
1.629 0.408 1.104 0.881
1.964 0.483 1.198 0.883
1.937 0.441 1.213 0.894
1.621 0.387 1.119 0.889
1.606 0.387 1.102 0.881
1.760 0.406 1.176 0.896
1.873 0.452 1.147 0.880
1.825 0.403 1.159 0.885
1.799 0.407 1.150 0.876
1.820 0.393 1.161 0.875
1.793 0.394 1.183 0.903
1.819 0.430 1.136 0.871
1.755 0.401 1.153 0.876
1.511 0.422 0.971 0.863
1.685 0.410 1.072 0.908
1.916 0.521 1.183 0.887
1.796 0.423 1.170 0.891
1.616 0.410 1.030 0.870
1.653 0.400 1.039 0.876
1.663 0.402 1.044 0.877
1.626 0.397 1.034 0.870
1.847 0.484 1.084 0.883
1.470 0.375 0.981 0.872
1.636 0.396 1.052 0.895
1.679 0.399 1.039 0.882
1.817 0.472 1.063 0.868
1.694 0.439 1.053 0.892
1.730 0.392 1.069 0.890
1.633 0.395 1.039 0.878
1.661 0.419 1.045 0.877
1.496 0.381 0.997 0.889
1.455 0.377 0.966 0.864
1.752 0.388 1.155 0.877
1.685 0.395 1.031 0.863
1.760 0.443 1.073 0.894
1.828 0.474 1.072 0.878
1.703 0.421 1.073 0.906
1.568 0.394 1.058 0.950
1.693 0.396 1.033 0.880
1.604 0.373 1.029 0.872
1.638 0.398 1.037 0.879
1.696 0.415 1.041 0.876
1.617 0.401 1.032 0.875
1.743 0.440 1.039 0.868
1.478 0.386 0.975 0.866
1.530 0.424 0.981 0.871
1.489 0.386 0.979 0.872
1.474 0.381 0.978 0.874
1.490 0.382 0.993 0.888
1.480 0.378 0.980 0.870
1.480 0.378 0.984 0.869
1.514 0.393 1.003 0.889
1.511 0.385 1.008 0.902
1.626 0.429 1.014 0.877
1.496 0.385 0.998 0.889
1.492 0.384 0.990 0.889
1.474 0.378 0.984 0.878
1.533 0.409 1.013 0.909
1.814 0.435 1.079 0.872
1.636 0.426 1.074 0.880
1.494 0.381 0.998 0.893
1.499 0.382 0.991 0.889
1.513 0.383 1.014 0.911
1.507 0.377 1.018 0.914
1.495 0.396 0.982 0.875
1.492 0.380 0.990 0.885
1.471 0.384 0.973 0.867
1.479 0.374 0.987 0.885
1.507 0.385 1.004 0.897
1.482 0.378 0.976 0.870
1.530 0.377 1.006 0.870
1.478 0.380 0.980 0.879
1.823 0.451 1.063 0.866
1.788 0.437 1.094 0.896
1.509 0.387 1.008 0.904
1.481 0.380 0.978 0.875
1.496 0.395 0.984 0.879
1.626 0.479 1.031 0.881
1.499 0.388 0.988 0.881
1.607 0.414 1.012 0.878
1.476 0.384 0.977 0.872
1.475 0.384 0.975 0.871
1.638 0.406 1.028 0.874
1.686 0.403 1.083 0.922
1.483 0.389 0.979 0.874
1.471 0.380 0.976 0.866
1.482 0.385 0.979 0.874
1.476 0.376 0.981 0.879
1.633 0.455 1.061 0.942
1.512 0.380 0.970 0.870
1.817 0.412 1.098 0.899
1.502 0.412 0.976 0.874
1.481 0.384 0.982 0.877
1.495 0.389 0.993 0.889
1.480 0.384 0.982 0.878
1.468 0.381 0.976 0.873
1.482 0.383 0.973 0.868
1.476 0.380 0.982 0.877
1.483 0.387 0.980 0.875
1.520 0.385 1.015 0.912
1.649 0.399 1.135 0.908
1.504 0.401 0.989 0.885
1.503 0.391 0.996 0.886
1.487 0.387 0.987 0.884
1.486 0.383 0.989 0.885
1.487 0.384 0.993 0.889
1.491 0.391 0.987 0.879
1.560 0.463 0.979 0.875
1.817 0.445 1.071 0.872
1.463 0.385 0.965 0.863
1.494 0.394 0.987 0.883
1.477 0.387 0.975 0.872
