2.399 0.395 1.867 1.106
1.710 0.439 1.131 0.900
1.769 0.445 1.136 0.882
1.717 0.395 1.177 0.911
1.762 0.420 1.144 0.877
1.835 0.433 1.183 0.901
1.513 0.396 1.006 0.901
1.649 0.379 1.055 0.881
1.713 0.397 1.055 0.906
1.794 0.397 1.159 0.881
1.639 0.384 1.136 0.889
1.599 0.391 1.094 0.865
1.734 0.392 1.139 0.870
1.858 0.403 1.171 0.882
1.751 0.443 1.175 0.882
2.555 0.405 1.995 1.722
1.836 0.401 1.167 0.893
1.934 0.474 1.179 0.897
1.649 0.418 1.120 0.865
1.799 0.397 1.154 0.877
1.571 0.387 1.069 0.868
1.592 0.382 1.094 0.876
1.778 0.401 1.176 0.901
2.307 0.555 1.621 0.889
1.824 0.411 1.206 0.932
1.627 0.383 1.107 0.874
1.643 0.396 1.127 0.901
1.676 0.402 1.083 0.907
1.503 0.398 0.988 0.883
1.683 0.412 1.150 0.885
1.612 0.379 1.112 0.887
1.680 0.442 1.115 0.888
1.476 0.391 0.969 0.871
1.562 0.408 1.021 0.911
1.827 0.397 1.144 0.871
1.761 0.389 1.097 0.904
1.852 0.437 1.048 0.862
1.564 0.432 1.008 0.905
1.764 0.394 1.154 0.875
1.723 0.430 1.068 0.895
1.922 0.542 1.167 0.901
1.823 0.441 1.165 0.892
1.843 0.487 1.077 0.867
1.779 0.435 1.077 0.882
1.852 0.401 1.205 0.928
1.474 0.380 0.978 0.869
1.727 0.398 1.055 0.897
2.332 0.452 1.751 1.465
1.650 0.400 1.035 0.881
1.567 0.400 1.047 0.892
1.663 0.423 1.124 0.897
1.609 0.411 1.083 0.883
1.584 0.398 1.060 0.938
1.728 0.436 1.168 0.891
1.501 0.406 0.979 0.871
1.480 0.385 0.975 0.868
1.481 0.381 0.981 0.874
1.487 0.384 0.987 0.881
1.476 0.380 0.975 0.872
1.472 0.380 0.971 0.864
1.526 0.381 1.019 0.912
1.487 0.384 0.987 0.882
1.464 0.381 0.965 0.858
1.470 0.387 0.969 0.864
1.499 0.392 0.995 0.890
1.576 0.409 1.008 0.881
1.501 0.397 0.991 0.885
1.501 0.424 0.970 0.877
1.485 0.407 0.974 0.877
1.494 0.381 0.989 0.888
1.514 0.436 0.963 0.864
1.490 0.384 0.973 0.866
1.487 0.383 0.987 0.879
1.525 0.416 0.994 0.890
1.487 0.386 0.985 0.878
1.487 0.391 0.981 0.869
1.482 0.384 0.978 0.871
1.450 0.377 0.958 0.852
1.476 0.383 0.976 0.870
1.493 0.388 0.991 0.886
1.489 0.380 0.969 0.862
1.490 0.385 0.990 0.885
1.485 0.383 0.984 0.877
1.508 0.399 0.995 0.885
1.496 0.384 0.993 0.887
1.491 0.385 0.993 0.888
1.478 0.382 0.971 0.864
1.898 0.393 1.382 0.874
1.692 0.413 1.165 0.881
1.500 0.402 0.982 0.879
1.502 0.408 0.973 0.876
1.501 0.387 0.997 0.890
1.484 0.383 0.986 0.881
1.494 0.392 0.980 0.877
1.484 0.378 0.990 0.881
1.470 0.381 0.976 0.874
1.488 0.385 0.988 0.883
1.486 0.382 0.977 0.871
1.620 0.415 1.022 0.867
1.498 0.379 1.004 0.898
1.463 0.382 0.971 0.866
1.596 0.383 1.098 0.874
1.740 0.426 1.121 0.866
1.634 0.377 1.130 0.909
1.599 0.376 1.102 0.892
1.611 0.382 1.104 0.879
1.727 0.419 1.128 0.877
1.597 0.386 1.090 0.883
1.598 0.384 1.097 0.874
1.614 0.411 1.085 0.870
1.608 0.381 1.105 0.885
1.595 0.386 1.090 0.871
1.702 0.471 1.115 0.908
1.618 0.422 1.017 0.882
1.477 0.391 0.969 0.866
1.498 0.400 0.983 0.886
1.500 0.382 0.995 0.895
1.493 0.383 0.993 0.886
1.495 0.380 1.001 0.896
1.490 0.383 0.990 0.884
1.460 0.381 0.967 0.864
1.484 0.386 0.982 0.876
1.485 0.397 0.976 0.869
1.496 0.384 0.998 0.891
1.479 0.383 0.982 0.880
1.591 0.454 1.009 0.911
1.574 0.381 1.052 0.946
1.931 0.390 1.416 1.175
1.608 0.388 1.103 0.882
1.619 0.392 1.104 0.883
2.110 0.400 1.474 1.186
2.269 0.404 1.740 1.423
1.594 0.383 1.098 0.875
1.594 0.389 1.088 0.864
1.636 0.439 1.084 0.877
1.605 0.389 1.101 0.883
1.617 0.399 1.095 0.875
1.597 0.383 1.099 0.881
1.601 0.382 1.102 0.883
1.621 0.395 1.097 0.877
1.613 0.385 1.113 0.894
1.693 0.432 1.135 0.901
1.779 0.470 1.131 0.882
1.601 0.412 1.052 0.889
1.541 0.419 0.991 0.891
1.625 0.399 1.104 0.884
1.535 0.417 1.011 0.910
1.504 0.422 0.976 0.875
1.512 0.407 0.990 0.882
1.531 0.409 1.005 0.887
1.508 0.397 0.995 0.889
1.563 0.419 1.024 0.915
1.517 0.379 1.019 0.913
1.484 0.404 0.963 0.860
1.512 0.405 0.989 0.884
1.597 0.394 1.088 0.872
1.679 0.408 1.105 0.880
1.510 0.391 1.002 0.895
1.500 0.399 0.975 0.872
1.487 0.395 0.979 0.871
1.479 0.384 0.980 0.876
1.485 0.385 0.985 0.864
1.496 0.376 1.003 0.897
1.538 0.393 1.017 0.901
1.770 0.447 1.050 0.884
1.488 0.383 0.989 0.882
1.513 0.413 0.983 0.883
1.494 0.391 0.989 0.884
1.497 0.391 0.991 0.881
1.614 0.396 1.094 0.874
1.489 0.396 0.976 0.870
1.480 0.389 0.981 0.872
1.535 0.401 1.020 0.918
1.479 0.383 0.980 0.874
1.471 0.381 0.977 0.870
1.518 0.412 0.986 0.884
1.612 0.417 1.015 0.877
1.548 0.383 1.045 0.942
1.482 0.393 0.974 0.868
1.507 0.387 1.005 0.896
1.610 0.424 1.008 0.872
1.588 0.371 1.101 0.888
1.477 0.380 0.983 0.880
1.628 0.421 1.028 0.891
1.476 0.388 0.974 0.870
1.469 0.381 0.974 0.866
1.733 0.414 1.136 0.881
1.600 0.413 1.009 0.870
1.549 0.419 1.006 0.906
1.499 0.382 0.996 0.891
1.493 0.387 0.991 0.888
1.490 0.384 0.991 0.887
1.507 0.390 0.984 0.879
1.493 0.383 0.990 0.885
1.489 0.382 0.992 0.885
1.500 0.392 0.984 0.879
1.509 0.410 0.985 0.876
1.475 0.378 0.982 0.871
1.474 0.385 0.969 0.865
1.485 0.384 0.986 0.881
1.486 0.382 0.983 0.876
