2.425 0.390 1.898 1.121
1.500 0.382 0.995 0.897
1.695 0.381 1.040 0.868
1.608 0.376 1.117 0.916
1.701 0.394 1.162 0.883
1.630 0.385 1.129 0.905
1.660 0.375 1.137 0.917
2.318 0.407 1.692 1.437
1.770 0.403 1.161 0.887
1.609 0.381 1.111 0.883
1.779 0.419 1.155 0.886
1.614 0.411 1.081 0.862
1.656 0.400 1.025 0.866
1.672 0.399 1.023 0.865
1.674 0.404 1.035 0.880
1.701 0.399 1.034 0.881
1.663 0.408 1.067 0.877
1.683 0.397 1.056 0.899
1.679 0.395 1.021 0.862
1.682 0.394 1.022 0.868
1.632 0.437 1.019 0.866
1.466 0.385 0.970 0.871
1.699 0.403 1.042 0.878
1.651 0.394 1.023 0.874
1.536 0.388 1.038 0.932
2.083 0.436 1.523 0.874
1.814 0.427 1.180 0.902
2.308 0.416 1.770 1.518
1.757 0.397 1.159 0.887
1.635 0.413 1.107 0.884
1.824 0.391 1.159 0.890
1.492 0.395 0.984 0.876
1.814 0.480 1.060 0.867
1.774 0.459 1.106 0.911
1.699 0.393 1.039 0.868
1.703 0.389 1.064 0.906
1.658 0.394 1.014 0.862
1.598 0.402 1.063 0.904
1.515 0.392 1.008 0.872
1.512 0.374 1.028 0.895
1.521 0.379 1.032 0.896
1.496 0.376 1.005 0.897
1.476 0.385 0.978 0.872
1.600 0.409 1.034 0.883
1.643 0.440 1.081 0.919
1.471 0.382 0.975 0.869
1.508 0.387 1.008 0.901
1.494 0.385 0.989 0.879
1.483 0.381 0.988 0.874
1.624 0.428 1.016 0.877
1.634 0.429 1.020 0.876
2.389 0.387 1.871 1.100
1.694 0.407 1.048 0.897
1.828 0.524 1.039 0.901
1.711 0.398 1.054 0.901
1.595 0.389 1.087 0.874
1.762 0.449 1.104 0.874
1.907 0.433 1.208 0.924
1.772 0.428 1.193 0.914
1.730 0.419 1.167 0.881
1.787 0.393 1.143 0.876
1.845 0.406 1.180 0.907
1.788 0.390 1.177 0.907
1.724 0.420 1.175 0.907
1.764 0.395 1.184 0.909
2.110 0.402 1.457 1.157
1.701 0.398 1.157 0.877
1.792 0.393 1.168 0.895
1.790 0.387 1.161 0.893
1.744 0.392 1.151 0.882
1.797 0.445 1.146 0.875
1.992 0.514 1.200 0.889
1.705 0.421 1.085 0.885
1.613 0.375 1.090 0.865
1.825 0.473 1.065 0.871
1.637 0.418 1.019 0.863
1.472 0.390 0.968 0.864
1.569 0.398 1.039 0.860
1.725 0.426 1.040 0.864
1.674 0.448 1.096 0.879
1.661 0.396 1.036 0.883
1.795 0.478 1.045 0.882
1.492 0.391 0.988 0.882
1.585 0.403 1.045 0.888
1.672 0.430 1.031 0.877
1.566 0.412 1.029 0.905
1.617 0.397 1.074 0.898
1.472 0.374 0.983 0.869
1.488 0.412 0.966 0.864
1.498 0.384 1.002 0.874
1.704 0.389 1.198 0.889
1.480 0.375 0.986 0.870
1.459 0.373 0.963 0.868
1.561 0.401 1.034 0.874
1.537 0.435 0.980 0.871
1.500 0.372 1.012 0.879
1.552 0.397 1.037 0.879
1.813 0.486 1.029 0.869
1.505 0.394 1.004 0.873
1.510 0.373 1.027 0.931
1.792 0.421 1.106 0.932
1.688 0.405 1.023 0.867
1.468 0.376 0.978 0.867
1.573 0.402 1.053 0.897
1.531 0.418 1.001 0.896
1.687 0.478 1.078 0.908
1.527 0.392 1.016 0.911
1.493 0.395 0.985 0.881
1.754 0.445 1.059 0.880
1.502 0.378 1.005 0.883
1.952 0.573 1.135 0.883
2.193 0.507 1.562 0.890
1.550 0.411 1.015 0.888
1.694 0.411 1.162 0.887
1.735 0.465 1.137 0.886
1.634 0.411 1.077 0.871
1.691 0.440 1.141 0.869
1.772 0.385 1.170 0.915
1.773 0.383 1.179 0.914
2.103 0.464 1.457 0.870
1.773 0.435 1.136 0.876
1.725 0.401 1.057 0.905
1.751 0.396 1.087 0.915
1.732 0.446 1.021 0.861
1.672 0.393 1.012 0.862
1.536 0.413 1.010 0.902
1.751 0.390 1.086 0.912
1.618 0.397 1.018 0.861
1.715 0.394 1.046 0.873
1.606 0.462 1.024 0.895
1.480 0.375 0.990 0.895
1.514 0.374 1.026 0.897
1.490 0.377 1.000 0.897
1.744 0.437 1.043 0.897
1.692 0.443 1.040 0.885
1.828 0.477 1.073 0.867
1.510 0.384 0.975 0.866
1.483 0.376 0.987 0.881
1.492 0.395 0.985 0.881
1.516 0.372 1.023 0.921
1.516 0.383 1.017 0.915
1.725 0.431 1.030 0.871
1.616 0.450 1.034 0.869
1.787 0.460 1.061 0.903
1.498 0.379 1.010 0.897
1.482 0.384 0.985 0.880
1.492 0.392 0.983 0.879
1.473 0.382 0.977 0.875
1.482 0.382 0.985 0.877
1.481 0.384 0.983 0.881
1.482 0.387 0.982 0.880
1.478 0.382 0.976 0.874
1.466 0.377 0.976 0.873
