2.362 0.382 1.846 1.103
1.830 0.429 1.164 0.896
1.821 0.395 1.176 0.899
1.954 0.435 1.218 0.903
1.592 0.388 1.087 0.874
1.729 0.418 1.128 0.869
1.857 0.424 1.204 0.917
1.651 0.378 1.155 0.915
1.825 0.458 1.251 1.147
1.819 0.387 1.155 0.892
1.826 0.403 1.173 0.905
1.722 0.434 1.070 0.897
1.761 0.489 1.088 0.893
1.543 0.412 1.023 0.893
1.728 0.430 1.035 0.881
1.732 0.425 1.054 0.881
1.800 0.442 1.101 0.922
1.518 0.375 1.032 0.915
1.533 0.395 1.023 0.868
1.702 0.396 1.052 0.877
1.711 0.439 1.042 0.884
1.708 0.393 1.047 0.884
1.736 0.392 1.143 0.866
1.498 0.382 0.966 0.860
1.811 0.397 1.143 0.869
1.821 0.435 1.147 0.871
1.799 0.385 1.144 0.863
1.594 0.390 1.089 0.866
1.600 0.387 1.095 0.871
1.680 0.439 1.108 0.888
1.809 0.484 1.175 0.883
1.764 0.490 1.115 0.884
1.841 0.441 1.169 0.889
1.569 0.365 1.084 0.885
2.278 0.482 1.670 1.184
1.676 0.385 1.132 0.899
2.429 0.525 1.784 1.456
1.665 0.462 1.084 0.864
2.342 0.392 1.737 1.426
2.217 0.428 1.662 1.456
1.864 0.437 1.157 0.879
1.611 0.375 1.100 0.872
1.588 0.375 1.095 0.874
1.604 0.387 1.099 0.874
1.621 0.375 1.107 0.883
1.869 0.478 1.169 0.881
2.208 0.379 1.692 1.432
1.619 0.396 1.109 0.889
1.911 0.566 1.204 0.922
1.667 0.396 1.155 0.934
1.692 0.477 1.098 0.872
1.721 0.504 1.089 0.871
1.543 0.412 1.013 0.897
1.685 0.442 1.124 0.902
1.892 0.441 1.185 0.914
1.684 0.403 1.146 0.910
1.713 0.425 1.160 0.887
1.848 0.458 1.177 0.887
1.656 0.407 1.038 0.883
1.497 0.394 0.991 0.883
1.882 0.497 1.103 0.887
1.731 0.403 1.071 0.891
1.597 0.381 1.097 0.887
1.771 0.443 1.069 0.887
1.507 0.412 0.974 0.867
1.664 0.422 1.025 0.868
1.781 0.438 1.088 0.911
1.692 0.400 1.079 0.913
1.738 0.433 1.041 0.878
1.504 0.391 0.996 0.868
1.621 0.406 1.081 0.915
1.727 0.441 1.077 0.926
1.467 0.386 0.967 0.865
1.638 0.396 1.017 0.864
1.564 0.419 1.024 0.907
1.720 0.405 1.068 0.906
1.753 0.400 1.148 0.872
1.522 0.382 1.018 0.867
1.727 0.402 1.071 0.895
1.659 0.450 1.031 0.899
1.683 0.394 1.054 0.889
1.866 0.478 1.109 0.897
1.684 0.410 1.064 0.887
1.488 0.382 0.989 0.887
1.467 0.381 0.973 0.870
1.474 0.380 0.979 0.869
1.533 0.422 0.996 0.887
1.883 0.478 1.085 0.883
1.769 0.438 1.071 0.918
1.733 0.473 1.085 0.913
1.755 0.403 1.146 0.873
1.480 0.389 0.977 0.868
1.517 0.394 1.008 0.899
1.493 0.377 1.001 0.897
1.522 0.421 0.985 0.880
1.635 0.400 1.037 0.880
1.494 0.381 0.996 0.874
1.632 0.405 1.031 0.880
1.484 0.382 0.986 0.880
1.491 0.385 0.986 0.881
1.480 0.379 0.987 0.879
1.611 0.417 1.015 0.873
1.491 0.384 0.990 0.883
1.487 0.386 0.984 0.880
1.534 0.382 1.039 0.936
1.537 0.382 1.039 0.934
1.492 0.385 0.990 0.887
1.496 0.392 0.986 0.884
1.540 0.394 1.004 0.872
1.606 0.428 1.002 0.868
1.474 0.382 0.978 0.870
1.478 0.384 0.981 0.872
1.479 0.389 0.973 0.870
1.481 0.391 0.972 0.871
1.622 0.418 1.022 0.882
1.608 0.416 1.015 0.880
1.497 0.398 0.981 0.875
1.605 0.417 1.010 0.876
1.476 0.386 0.977 0.868
1.466 0.378 0.971 0.867
1.553 0.405 1.032 0.912
1.512 0.379 1.019 0.913
1.489 0.391 0.988 0.880
1.479 0.382 0.986 0.879
1.463 0.383 0.963 0.861
1.479 0.403 0.962 0.859
1.472 0.391 0.968 0.862
1.474 0.392 0.968 0.866
1.523 0.413 0.995 0.891
1.523 0.396 1.000 0.889
1.499 0.399 0.985 0.881
1.481 0.379 0.984 0.881
1.482 0.382 0.985 0.883
1.613 0.417 1.015 0.877
1.483 0.389 0.978 0.873
1.490 0.387 0.977 0.874
1.497 0.404 0.979 0.877
1.545 0.410 0.973 0.870
1.523 0.387 1.002 0.893
1.490 0.378 0.996 0.894
1.464 0.378 0.973 0.867
1.472 0.385 0.974 0.868
1.482 0.402 0.969 0.866
1.502 0.402 0.987 0.866
1.495 0.397 0.985 0.881
1.483 0.389 0.981 0.879
1.546 0.426 0.998 0.889
1.491 0.383 0.993 0.891
1.474 0.382 0.979 0.874
1.475 0.382 0.980 0.879
1.475 0.384 0.975 0.871
1.470 0.383 0.974 0.871
1.465 0.384 0.965 0.862
1.470 0.377 0.975 0.874
1.467 0.391 0.963 0.857
1.457 0.385 0.954 0.852
1.505 0.380 0.972 0.868
1.496 0.385 0.982 0.874
1.517 0.398 0.995 0.888
1.527 0.413 0.993 0.886
1.476 0.390 0.964 0.858
1.567 0.406 1.019 0.862
1.562 0.416 0.994 0.885
1.498 0.391 0.988 0.885
1.482 0.381 0.981 0.879
1.470 0.377 0.979 0.877
1.491 0.391 0.984 0.881
1.481 0.381 0.986 0.883
1.671 0.397 1.034 0.888
1.642 0.403 1.075 0.888
1.526 0.398 0.998 0.889
1.535 0.431 0.993 0.889
1.475 0.396 0.965 0.865
1.469 0.383 0.970 0.866
1.482 0.386 0.975 0.871
1.490 0.387 0.981 0.870
1.480 0.397 0.969 0.863
1.464 0.378 0.972 0.866
1.484 0.381 0.984 0.879
1.482 0.382 0.982 0.880
1.479 0.380 0.983 0.881
1.959 0.491 1.095 0.877
1.544 0.406 1.022 0.891
1.502 0.395 0.993 0.891
1.508 0.395 0.999 0.896
1.514 0.396 0.990 0.889
1.480 0.385 0.983 0.879
1.613 0.420 1.013 0.879
1.478 0.376 0.985 0.882
1.482 0.381 0.985 0.881
1.483 0.388 0.979 0.874
1.619 0.410 1.010 0.874
1.613 0.416 1.017 0.883
1.485 0.383 0.984 0.881
1.482 0.384 0.981 0.873
1.475 0.381 0.979 0.874
1.477 0.388 0.977 0.876
1.639 0.454 1.008 0.870
1.638 0.413 1.039 0.899
1.503 0.384 1.002 0.899
1.468 0.378 0.975 0.872
1.595 0.412 1.006 0.871
1.760 0.427 1.066 0.874
1.464 0.381 0.968 0.864
1.594 0.416 0.995 0.862
1.466 0.385 0.964 0.862
1.556 0.431 1.012 0.908
1.542 0.427 1.004 0.909
1.489 0.381 0.992 0.890
1.483 0.379 0.991 0.887
1.479 0.381 0.980 0.872
1.609 0.416 1.006 0.869
1.510 0.378 0.988 0.870
1.466 0.377 0.972 0.876
1.489 0.386 0.978 0.875
1.478 0.386 0.980 0.877
1.478 0.380 0.978 0.877
1.489 0.386 0.986 0.883
1.610 0.426 1.006 0.871
1.466 0.381 0.970 0.868
1.472 0.378 0.979 0.875
1.481 0.381 0.985 0.883
1.635 0.445 1.012 0.870
1.678 0.396 1.026 0.871
1.528 0.399 1.010 0.899
1.706 0.492 1.042 0.895
1.681 0.460 1.023 0.883
1.519 0.420 0.989 0.887
1.551 0.470 0.969 0.866
1.505 0.425 0.968 0.868
1.489 0.384 0.989 0.887
1.508 0.398 0.990 0.888
1.500 0.385 1.000 0.896
1.506 0.396 0.996 0.893
1.494 0.389 0.992 0.883
1.481 0.378 0.990 0.886
1.501 0.386 0.982 0.880
1.476 0.380 0.981 0.879
1.500 0.385 0.993 0.888
1.488 0.381 0.993 0.888
1.709 0.410 1.118 0.866
1.467 0.384 0.966 0.864
1.747 0.424 1.135 0.880
1.603 0.383 1.100 0.880
1.581 0.380 1.086 0.872
1.477 0.394 0.968 0.865
1.628 0.405 1.102 0.896
1.500 0.389 0.993 0.891
1.595 0.386 1.094 0.883
1.474 0.379 0.981 0.874
1.633 0.398 1.115 0.909
1.580 0.451 1.013 0.909
1.689 0.412 1.165 0.949
1.542 0.380 1.049 0.946
1.611 0.386 1.107 0.885
1.686 0.476 1.090 0.884
1.615 0.423 1.009 0.870
1.595 0.384 1.093 0.875
1.740 0.419 1.137 0.885
2.067 0.392 1.559 1.464
1.486 0.387 0.982 0.875
1.480 0.383 0.980 0.876
1.617 0.395 1.105 0.881
1.477 0.387 0.973 0.877
1.460 0.380 0.968 0.865
1.463 0.378 0.969 0.867
1.527 0.389 1.022 0.868
1.481 0.394 0.970 0.867
1.471 0.384 0.972 0.872
1.478 0.384 0.980 0.872
1.474 0.382 0.976 0.874
1.497 0.397 0.978 0.874
1.480 0.381 0.979 0.877
1.483 0.385 0.981 0.877
1.525 0.403 1.009 0.880
1.512 0.415 0.983 0.879
1.480 0.392 0.974 0.872
1.522 0.380 0.994 0.879
1.606 0.420 1.006 0.869
1.730 0.415 1.044 0.869
1.520 0.392 0.994 0.893
1.503 0.392 0.990 0.891
1.679 0.476 1.032 0.897
1.682 0.470 1.039 0.897
1.493 0.405 0.980 0.881
1.480 0.386 0.982 0.878
1.510 0.401 0.991 0.889
1.528 0.431 0.982 0.889
1.499 0.392 0.991 0.886
1.489 0.390 0.983 0.886
1.490 0.394 0.980 0.875
1.518 0.417 0.982 0.877
1.851 0.391 1.302 1.197
1.639 0.393 1.128 0.910
1.600 0.391 1.092 0.880
1.495 0.397 0.979 0.872
1.617 0.390 1.111 0.889
1.806 0.434 1.161 0.883
1.611 0.387 1.107 0.887
1.644 0.421 1.030 0.891
1.617 0.382 1.119 0.891
1.864 0.417 1.195 0.905
1.641 0.396 1.130 0.907
1.963 0.423 1.335 1.193
1.646 0.394 1.136 0.916
1.636 0.387 1.133 0.916
1.603 0.397 1.090 0.867
1.597 0.395 1.085 0.870
2.040 0.391 1.530 1.436
1.519 0.405 0.991 0.886
1.586 0.382 1.087 0.874
1.544 0.426 0.992 0.870
1.607 0.386 1.097 0.878
1.595 0.384 1.094 0.887
1.650 0.410 1.120 0.898
1.502 0.388 1.001 0.897
1.685 0.418 1.071 0.872
1.491 0.392 0.983 0.872
1.468 0.376 0.974 0.871
1.604 0.417 0.983 0.870
1.484 0.386 0.982 0.878
1.482 0.390 0.977 0.876
1.617 0.423 1.012 0.869
1.593 0.410 1.005 0.870
1.648 0.422 1.044 0.909
1.629 0.413 1.034 0.896
1.693 0.420 1.062 0.901
1.588 0.385 1.068 0.902
1.492 0.389 0.988 0.883
1.487 0.387 0.987 0.882
1.647 0.407 1.041 0.882
1.640 0.404 1.033 0.881
1.583 0.406 1.036 0.876
1.565 0.393 1.038 0.882
1.502 0.397 0.985 0.881
1.480 0.382 0.987 0.883
1.482 0.384 0.979 0.875
1.468 0.378 0.974 0.877
1.491 0.402 0.972 0.866
1.483 0.389 0.976 0.873
1.475 0.392 0.972 0.869
1.469 0.381 0.973 0.869
1.474 0.382 0.973 0.866
1.486 0.382 0.979 0.874
1.527 0.381 1.029 0.924
1.527 0.381 1.029 0.924
1.478 0.382 0.982 0.874
1.465 0.374 0.976 0.873
1.460 0.372 0.973 0.869
1.466 0.375 0.972 0.870
1.478 0.389 0.975 0.870
1.558 0.459 0.988 0.886
1.522 0.423 0.987 0.884
1.528 0.441 0.975 0.871
1.683 0.417 1.085 0.948
1.545 0.381 1.047 0.943
1.618 0.417 1.014 0.868
1.474 0.381 0.975 0.868
1.496 0.378 1.003 0.899
1.497 0.381 1.003 0.901
1.507 0.417 0.978 0.874
1.521 0.421 0.976 0.874
1.494 0.383 0.995 0.885
1.537 0.439 0.985 0.884
1.550 0.423 1.010 0.883
1.617 0.412 1.026 0.890
1.516 0.384 0.998 0.888
1.650 0.447 1.025 0.883
1.491 0.396 0.975 0.873
1.509 0.420 0.976 0.872
1.469 0.379 0.969 0.864
1.593 0.410 1.002 0.868
1.594 0.413 1.003 0.870
1.536 0.440 0.982 0.872
1.604 0.416 1.011 0.875
1.493 0.395 0.985 0.879
1.698 0.476 1.048 0.913
1.517 0.382 1.017 0.911
1.502 0.389 1.001 0.893
1.488 0.376 0.994 0.891
1.490 0.381 0.990 0.884
1.503 0.389 0.998 0.894
1.491 0.387 0.989 0.885
1.478 0.377 0.988 0.885
1.473 0.376 0.982 0.876
1.497 0.388 0.986 0.881
1.625 0.417 1.028 0.889
1.481 0.380 0.988 0.886
1.479 0.378 0.989 0.886
1.488 0.376 0.991 0.887
1.482 0.384 0.984 0.879
1.494 0.398 0.982 0.879
1.598 0.410 1.009 0.874
1.597 0.411 1.005 0.872
1.472 0.384 0.972 0.867
1.608 0.415 1.011 0.870
1.460 0.378 0.967 0.863
1.466 0.378 0.973 0.866
1.491 0.386 0.990 0.887
1.479 0.378 0.988 0.884
1.534 0.439 0.980 0.874
1.486 0.392 0.977 0.874
